RawData/37-SM_03710967_2024_04_07_14.cnv
* Sea-Bird SBE37SM-RS232 Data File:
* FileName = D:\Ocean\Data\AGF 211 2024/37-SM_03710967_2024_04_07_14.hex
* Software version Fathom 1.0.2
* Temperature SN = 03710967
* Conductivity SN = 03710967
* System UpLoad Time = Apr 07 2024 15:39:13
* sample interval = 300 seconds
* <ApplicationData>
# nquan = 5
# nvalues = 908
# units = specified
# name 0 = flag: 0.000e+00
# name 1 = t090C: Temperature [ITS-90, deg C]
# name 2 = c0S/m: Conductivity [S/m]
# name 3 = timeM: Elapsed Time [minutes]
# name 4 = prdM: Pressure [db]
# span 0 =           0,           0
# span 1 = -8.25968336048885, 9.75843729933274
# span 2 = -0.000016931919082563762, 2.8056477687885945
# span 3 =           0,        4535
# span 4 =           0,           0
# interval = seconds: 300
# start_time = unknown
# bad_flag = -9999999
*END*
           0 2.570330951 0.000034830           0           0
           0 2.412314927 0.000034781           5           0
           0 2.243921308 0.000028964          10           0
           0 2.087947775 0.000031799          15           0
           0 1.920400734 0.000028865          20           0
           0 1.744789973 0.000028811          25           0
           0 1.572510992 0.000028758          30           0
           0 1.395917517 0.000025821          35           0
           0 1.210332841 0.000028647          40           0
           0 1.033096855 0.000028592          45           0
           0 0.875489669 0.000025661          50           0
           0 0.723391399 0.000025614          55           0
           0 0.578433879 0.000025570          60           0
           0 0.425021917 0.000025523          65           0
           0 0.187874271 0.000022567          70           0
           0 -0.64463309 0.000022311          75           0
           0 -1.59142466 0.000022020          80           0
           0 -2.23052418 0.000021824          85           0
           0 -2.70517654 0.000021678          90           0
           0 -3.12875421 0.000021547          95           0
           0 -3.42528919 0.000018574         100           0
           0 -3.64227638 0.000018507         105           0
           0 -3.84575620 0.000018444         110           0
           0 -4.02118497 0.000018391         115           0
           0 -4.16446905 0.000018346         120           0
           0 -4.25188511 0.000015437         125           0
           0 -4.38553953 0.000015396         130           0
           0 -4.41336064 0.000018270         135           0
           0 -4.91565255 0.000012350         140           0
           0 -4.89015884 0.000012358         145           0
           0 -4.73809867 0.000012405         150           0
           0 -4.84929108 0.000012371         155           0
           0 -1.64960590 2.735957036         160           0
           0 -1.63972227 2.738924661         165           0
           0 -1.63909193 2.738502235         170           0
           0 -1.63295334 2.738074158         175           0
           0 -1.65418115 2.735996483         180           0
           0 -1.65640208 2.735557357         185           0
           0 -1.66379225 2.734825568         190           0
           0 -1.66362658 2.734701723         195           0
           0 -1.66624396 2.734380885         200           0
           0 -1.67767009 2.733350944         205           0
           0 -1.68286755 2.732900744         210           0
           0 -1.68587944 2.732630636         215           0
           0 -1.68551539 2.732630633         220           0
           0 -1.68703773 2.732444936         225           0
           0 -1.69004897 2.732197354         230           0
           0 -1.69107467 2.732146716         235           0
           0 -1.68796432 2.732405551         240           0
           0 -1.68945338 2.732338033         245           0
           0 -1.69517690 2.731735970         250           0
           0 -1.69292740 2.731921644         255           0
           0 -1.69057837 2.732157967         260           0
           0 -1.69855066 2.731404014         265           0
           0 -1.68425771 2.732608113         270           0
           0 -1.68468798 2.732563096         275           0
           0 -1.68955264 2.732084805         280           0
           0 -1.68637586 2.732388656         285           0
           0 -1.68812978 2.732225476         290           0
           0 -1.68270205 2.732675633         295           0
           0 -1.68349645 2.732653128         300           0
           0 -1.68495276 2.732473057         305           0
           0 -1.68482037 2.732523704         310           0
           0 -1.68505205 2.732450548         315           0
           0 -1.67555098 2.733210225         320           0
           0 -1.66319584 2.734645428         325           0
           0 -1.66856286 2.734195149         330           0
           0 -1.65365075 2.735365923         335           0
           0 -1.65007011 2.735788137         340           0
           0 -1.64708573 2.736063991         345           0
           0 -1.64658829 2.736131550         350           0
           0 -1.65421430 2.735517931         355           0
           0 -1.66965596 2.734020666         360           0
           0 -1.67886199 2.733182110         365           0
           0 -1.69266273 2.732017303         370           0
           0 -1.69243115 2.731876624         375           0
           0 -1.69114084 2.732000410         380           0
           0 -1.69712846 2.731460270         385           0
           0 -1.69851759 2.731387134         390           0
           0 -1.70268436 2.730886409         395           0
           0 -1.70195689 2.730908909         400           0
           0 -1.70595761 2.730616377         405           0
           0 -1.70714775 2.730492614         410           0
           0 -1.70642045 2.730576999         415           0
           0 -1.71084992 2.730194471         420           0
           0 -1.70754445 2.730436357         425           0
           0 -1.70704857 2.730486987         430           0
           0 -1.70645351 2.730520739         435           0
           0 -1.70860226 2.730329473         440           0
           0 -1.70701552 2.730475735         445           0
           0 -1.70404002 2.730661371         450           0
           0 -1.70628822 2.730565745         455           0
           0 -1.70698246 2.730481361         460           0
           0 -1.70559395 2.730543236         465           0
           0 -1.70493272 2.730638874         470           0
           0 -1.70622210 2.730526363         475           0
           0 -1.70794113 2.730323842         480           0
           0 -1.70936253 2.730228214         485           0
           0 -1.70737916 2.730425104         490           0
           0 -1.70989139 2.730188838         495           0
           0 -1.71177535 2.730042584         500           0
           0 -1.71121349 2.730076334         505           0
           0 -1.71283293 2.729946957         510           0
           0 -1.71405568 2.729806329         515           0
           0 -1.71445223 2.729800706         520           0
           0 -1.70787502 2.730565758         525           0
           0 -1.71084992 2.730205723         530           0
           0 -1.70460209 2.730616367         535           0
           0 -1.68448940 2.732518074         540           0
           0 -1.68872541 2.732141071         545           0
           0 -1.67856402 2.733120200         550           0
           0 -1.67518673 2.733463490         555           0
           0 -1.69358904 2.731623420         560           0
           0 -1.69458147 2.731589666         565           0
           0 -1.68733557 2.732247979         570           0
           0 -1.68508514 2.732456176         575           0
           0 -1.68223863 2.732838833         580           0
           0 -1.68670680 2.732338012         585           0
           0 -1.64287364 2.736221607         590           0
           0 -1.63905875 2.736531255         595           0
           0 -1.57728433 2.742321329         600           0
           0 -1.63159263 2.737116805         605           0
           0 -1.64108240 2.736446812         610           0
           0 -1.64967222 2.735692423         615           0
           0 -1.67823294 2.733092057         620           0
           0 -1.67810051 2.733086428         625           0
           0 -1.68068280 2.732861332         630           0
           0 -1.67283552 2.733688605         635           0
           0 -1.67882888 2.733108946         640           0
           0 -1.67978897 2.733030161         645           0
           0 -1.70509803 2.731015833         650           0
           0 -1.70936253 2.730582647         655           0
           0 -1.69580539 2.731668452         660           0
           0 -1.69494535 2.731696580         665           0
           0 -1.73007643 2.728777065         670           0
           0 -1.74410420 2.727686068         675           0
           0 -1.74631469 2.727455512         680           0
           0 -1.74466509 2.727416134         685           0
           0 -1.76389058 2.725926172         690           0
           0 -1.76468161 2.725796862         695           0
           0 -1.76511007 2.725645062         700           0
           0 -1.75462651 2.726662683         705           0
           0 -1.76250620 2.726010499         710           0
           0 -1.76395650 2.725881193         715           0
           0 -1.76270397 2.725937408         720           0
           0 -1.72816126 2.728906419         725           0
           0 -1.73407127 2.728490243         730           0
           0 -1.73532567 2.728327146         735           0
           0 -1.72347157 2.729356378         740           0
           0 -1.65401540 2.735422223         745           0
           0 -1.66813223 2.734364013         750           0
           0 -1.73268473 2.728765836         755           0
           0 -1.72489180 2.729249513         760           0
           0 -1.66581328 2.734386511         765           0
           0 -1.67720656 2.733525416         770           0
           0 -1.68074901 2.733199009         775           0
           0 -1.69117392 2.732236754         780           0
           0 -1.65683297 2.735326540         785           0
           0 -1.69200105 2.732276152         790           0
           0 -1.65686612 2.735225206         795           0
           0 -1.68071591 2.733277802         800           0
           0 -1.64944011 2.736002077         805           0
           0 -1.62867175 2.737815067         810           0
           0 -1.63275422 2.737505367         815           0
           0 -1.60758173 2.739769329         820           0
           0 -1.60984130 2.739600355         825           0
           0 -1.61685092 2.738918852         830           0
           0 -1.62415679 2.738214887         835           0
           0 -1.60714972 2.739673563         840           0
           0 -1.56939447 2.743093310         845           0
           0 -1.54483852 2.745150416         850           0
           0 -1.50335169 2.748651637         855           0
           0 -1.45072135 2.753407192         860           0
           0 -1.39592990 2.758131912         865           0
           0 -1.41419996 2.756822033         870           0
           0 -1.39277117 2.758493313         875           0
           0 -1.42634796 2.755597017         880           0
           0 -1.42560990 2.755597011         885           0
           0 -1.44281262 2.754157758         890           0
           0 -1.43090985 2.755247058         895           0
           0 -1.44217576 2.754185973         900           0
           0 -1.42671698 2.755636536         905           0
           0 -1.43322393 2.754936611         910           0
           0 -1.40614179 2.757228504         915           0
           0 -1.41943596 2.756150214         920           0
           0 -1.41658319 2.756477645         925           0
           0 -1.36546342 2.760916240         930           0
           0 -1.40066701 2.757793128         935           0
           0 -1.39885294 2.757951228         940           0
           0 -1.34054308 2.763351281         945           0
           0 -1.36566535 2.760684625         950           0
           0 -1.34684358 2.762362449         955           0
           0 -1.39300642 2.758578027         960           0
           0 -1.34239638 2.762820108         965           0
           0 -1.36617015 2.760961439         970           0
           0 -1.35398389 2.762034790         975           0
           0 -1.35098663 2.762136470         980           0
           0 -1.35230009 2.762096928         985           0
           0 -1.37014079 2.760458700         990           0
           0 -1.39351050 2.758572383         995           0
           0 -1.39653470 2.758250507        1000           0
           0 -1.39640030 2.758306979        1005           0
           0 -1.36862666 2.760599912        1010           0
           0 -1.36240064 2.761306026        1015           0
           0 -1.31899789 2.765007079        1020           0
           0 -1.27634183 2.768862681        1025           0
           0 -1.21178896 2.774706439        1030           0
           0 -1.18588640 2.776857268        1035           0
           0 -1.20527418 2.775227107        1040           0
           0 -1.19179649 2.776313837        1045           0
           0 -1.18924926 2.776528939        1050           0
           0 -1.06165944 2.787513080        1055           0
           0 -1.02887537 2.790869951        1060           0
           0 -0.94893933 2.797747079        1065           0
           0 -0.97763655 2.795306451        1070           0
           0 -0.95588559 2.797213483        1075           0
           0 -0.98004036 2.795022701        1080           0
           0 -0.97849509 2.795289431        1085           0
           0 -0.95629816 2.797179425        1090           0
           0 -0.98203186 2.794988666        1095           0
           0 -0.97694970 2.795550495        1100           0
           0 -0.98409181 2.794914904        1105           0
           0 -0.97880415 2.795402944        1110           0
           0 -0.97842641 2.795368888        1115           0
           0 -0.97935359 2.795363220        1120           0
           0 -0.98021205 2.795198638        1125           0
           0 -0.98622019 2.794563068        1130           0
           0 -0.98237520 2.794960292        1135           0
           0 -0.97907887 2.795306462        1140           0
           0 -0.98893182 2.794364470        1145           0
           0 -0.99284414 2.794018349        1150           0
           0 -1.00930828 2.792594315        1155           0
           0 -0.99147149 2.794160202        1160           0
           0 -0.98745592 2.794557403        1165           0
           0 -0.98014337 2.795153234        1170           0
           0 -0.98491573 2.794676557        1175           0
           0 -0.98824537 2.794432562        1180           0
           0 -1.03685411 2.790302825        1185           0
           0 -0.99003010 2.794256659        1190           0
           0 -0.97815168 2.795266727        1195           0
           0 -1.00965113 2.792599991        1200           0
           0 -1.00382180 2.793116244        1205           0
           0 -1.01907719 2.791817175        1210           0
           0 -1.05047535 2.789100635        1215           0
           0 -1.06873590 2.787422423        1220           0
           0 -1.06835992 2.787411081        1225           0
           0 -1.09524088 2.785138182        1230           0
           0 -1.11345886 2.783443864        1235           0
           0 -1.10329441 2.784384474        1240           0
           0 -1.10933233 2.783851827        1245           0
           0 -1.08557900 2.785982647        1250           0
           0 -1.10008705 2.784792496        1255           0
           0 -1.10308970 2.784458146        1260           0
           0 -1.09715219 2.784979502        1265           0
           0 -1.09988231 2.784730152        1270           0
           0 -1.11301556 2.783602522        1275           0
           0 -1.07485306 2.786923574        1280           0
           0 -1.06894098 2.787484789        1285           0
           0 -1.08059253 2.786487111        1290           0
           0 -1.08134399 2.786385080        1295           0
           0 -1.07215355 2.787155989        1300           0
           0 -1.04691696 2.789412505        1305           0
