RawData/37-SM_03721530_2024_04_07_9.cnv
* Sea-Bird SBE37SM-RS232 Data File:
* FileName = D:\Ocean\Data\AGF 211 2024/37-SM_03721530_2024_04_07_9.hex
* Software version Fathom 1.0.2
* Temperature SN = 03721530
* Conductivity SN = 03721530
* Pressure SN = 11447521
* System UpLoad Time = Apr 07 2024 15:34:18
* sample interval = 300 seconds
# nquan = 5
# nvalues = 907
# units = specified
# name 0 = flag: 0.000e+00
# name 1 = t090C: Temperature [ITS-90, deg C]
# name 2 = c0S/m: Conductivity [S/m]
# name 3 = prdM: Pressure [db]
# name 4 = timeM: Elapsed Time [minutes]
# span 0 =           0,           0
# span 1 = -9.06587396344463, 11.367737858368173
# span 2 = 0.0001142580354748601, 2.806320695091434
# span 3 = -0.7806022514415025, 73.41570149581787
# span 4 =           0,        4530
# interval = seconds: 300
# start_time = unknown
# bad_flag = -9999999
*END*
           0 2.792242723 0.000127102 -0.17107017           0
           0 2.599016137 0.000127127 -0.17032338           5
           0 2.428086899 0.000124153 -0.17175214          10
           0 2.279188183 0.000121176 -0.17098714          15
           0 2.112561921 0.000124193 -0.17040741          20
           0 1.995166695 0.000124208 -0.17071879          25
           0 1.766869540 0.000124238 -0.17012711          30
           0 1.598764523 0.000124259 -0.17151486          35
           0 1.479358904 0.000121278 -0.17091123          40
           0 1.252841025 0.000124304 -0.17228303          45
           0 1.123285399 0.000121324 -0.17146112          50
           0 0.981620716 0.000121342 -0.17083871          55
           0 0.832902341 0.000121361 -0.17130347          60
           0 0.685574555 0.000124376 -0.16936650          65
           0 -0.30812292 0.000124504 -0.16763473          70
           0 -2.56486331 0.000121797 -0.17027354          75
           0 -3.24513373 0.000121884 -0.17261914          80
           0 -3.43668513 0.000121909 -0.17461829          85
           0 -3.73757090 0.000121947 -0.17260642          90
           0 -4.09206910 0.000121993 -0.17452210          95
           0 -4.24951143 0.000122013 -0.17419637         100
           0 -4.35566997 0.000122027 -0.17298076         105
           0 -4.45821657 0.000119044 -0.17224611         110
           0 -4.57986889 0.000122055 -0.17257576         115
           0 -4.60189329 0.000122058 -0.17014169         120
           0 -4.60096156 0.000119062 -0.17124229         125
           0 -4.34752724 0.000119029 -0.16960482         130
           0 -4.79317661 0.000122083 -0.16578074         135
           0 -4.94855787 0.000119106 -0.16577095         140
           0 -5.07179705 0.000119122 -0.16384635         145
           0 -4.84403908 0.000119093 -0.16328854         150
           0 -4.80758280 0.000119088 -0.16191662         155
           0 -1.61584495 2.734136637 55.58237651         160
           0 -1.64631879 2.734251917 73.40436022         165
           0 -1.65121188 2.735727083 73.40984674         170
           0 -1.65810767 2.737533698 73.40477325         175
           0 -1.66051892 2.736162793 73.40914454         180
           0 -1.66853160 2.734728313 73.40569194         185
           0 -1.67844099 2.733636705 73.40678477         190
           0 -1.67467466 2.733166360 73.41133019         195
           0 -1.66435591 2.733822383 73.40914454         200
           0 -1.68953210 2.732870392 73.41006324         205
           0 -1.68773489 2.732313030 73.40586607         210
           0 -1.69570237 2.731976397 73.40805172         215
           0 -1.69990516 2.731500427 73.40914454         220
           0 -1.69915957 2.731163749 73.41023737         225
           0 -1.69865120 2.731111502 73.40477325         230
           0 -1.70370045 2.731007070 73.40914454         235
           0 -1.70315831 2.730844543 73.41133019         240
           0 -1.70248062 2.730919993 73.41023737         245
           0 -1.70041350 2.731123130 73.41334172         250
           0 -1.70295500 2.730995455 73.41115607         255
           0 -1.69180380 2.731157875 73.40695889         260
           0 -1.69146476 2.731871865 73.41023737         265
           0 -1.69146476 2.731720933 73.40695889         270
           0 -1.68990508 2.731819605 73.40914454         275
           0 -1.69068494 2.731889274 73.41334172         280
           0 -1.69099009 2.731958938 73.40897042         285
           0 -1.69021025 2.731866049 73.41133019         290
           0 -1.70346326 2.730972242 73.41133019         295
           0 -1.70078628 2.730919978 73.41351584         300
           0 -1.68909129 2.731546765 73.41115607         305
           0 -1.68603926 2.731848595 73.41242302         310
           0 -1.68746360 2.731895049 73.41351584         315
           0 -1.70729172 2.730751714 73.41351584         320
           0 -1.70325996 2.730716851 73.41133019         325
           0 -1.70048128 2.730780671 73.41133019         330
           0 -1.70048128 2.730972215 73.41460867         335
           0 -1.70515736 2.730792324 73.41115607         340
           0 -1.70346326 2.730699441 73.41242302         345
           0 -1.70441198 2.730769100 73.41242302         350
           0 -1.70393763 2.730722662 73.41460867         355
           0 -1.70021017 2.731128933 73.41460867         360
           0 -1.71602995 2.730043714 73.41023737         365
           0 -1.71819696 2.729701327 73.41242302         370
           0 -1.71606381 2.729620059 73.41023737         375
           0 -1.71972050 2.729504029 73.41369053         380
           0 -1.72205635 2.729353168 73.41242302         385
           0 -1.72097309 2.729167460 73.41041206         390
           0 -1.72344418 2.728946973 73.41133019         395
           0 -1.72168398 2.728935351 73.41133019         400
           0 -1.72554267 2.728761307 73.41570149         405
           0 -1.73014500 2.728581469 73.41351584         410
           0 -1.73051720 2.728401596 73.41041206         415
           0 -1.72963745 2.728413193 73.41150488         420
           0 -1.73011117 2.728349371 73.41133019         425
           0 -1.72821622 2.728349353 73.41041206         430
           0 -1.72787782 2.728540829 73.40914454         435
           0 -1.72713331 2.728529218 73.41041206         440
           0 -1.73021268 2.728459617 73.41023737         445
           0 -1.73288558 2.728239154 73.41150488         450
           0 -1.72774245 2.728070842 73.40931924         455
           0 -1.72076997 2.728784471 73.41041206         460
           0 -1.72100694 2.729063006 73.40805172         465
           0 -1.72219175 2.729004989 73.40805172         470
           0 -1.72493346 2.728976000 73.40822641         475
           0 -1.72760709 2.728842562 73.41041206         480
           0 -1.72009290 2.728871506 73.41041206         485
           0 -1.71921267 2.729097807 73.40822641         490
           0 -1.71809539 2.729242871 73.40931924         495
           0 -1.71846782 2.729312511 73.40822641         500
           0 -1.71779067 2.729225458 73.40368042         505
           0 -1.71914495 2.729219670 73.41259771         510
           0 -1.71992363 2.729225479 73.40695889         515
           0 -1.71792610 2.729254476 73.40805172         520
           0 -1.71806153 2.729283491 73.40368042         525
           0 -1.71880639 2.729347333 73.40713359         530
           0 -1.70776599 2.729521324 73.40350629         535
           0 -1.70719009 2.730467310 73.40385512         540
           0 -1.71376110 2.730194587 73.40057665         545
           0 -1.71376110 2.730090121 73.40258760         550
           0 -1.71555589 2.729945046 73.40057665         555
           0 -1.71321925 2.729979847 73.40695889         560
           0 -1.71460772 2.729846377 73.40149477         565
           0 -1.71487863 2.729875397 73.40149477         570
           0 -1.71535271 2.729805761 73.40713359         575
           0 -1.70990006 2.730362863 73.40040195         580
           0 -1.69427864 2.731390081 73.39930912         585
           0 -1.69058322 2.731970541 73.39712347         590
           0 -1.68949819 2.731918286 73.40368042         595
           0 -1.69997294 2.731628133 73.40258760         600
           0 -1.69709211 2.731279819 73.40149477         605
           0 -1.69753273 2.731204364 73.40477325         610
           0 -1.70190456 2.731233427 73.40258760         615
           0 -1.70356491 2.730931610 73.40477325         620
           0 -1.70759661 2.730774932 73.40586607         625
           0 -1.71128877 2.730473151 73.40149477         630
           0 -1.71115329 2.730304837 73.40385512         635
           0 -1.70929035 2.730322230 73.40149477         640
           0 -1.70481856 2.730461482 73.39930912         645
           0 -1.70383598 2.730647203 73.39930912         650
           0 -1.69807503 2.730919949 73.39839100         655
           0 -1.70024406 2.731471403 73.39930912         660
           0 -1.69875288 2.731477194 73.39821630         665
           0 -1.69746495 2.731221775 73.39712347         670
           0 -1.70451362 2.730920009 73.39930912         675
           0 -1.70939197 2.730391877 73.39821630         680
           0 -1.70851125 2.730287398 73.39476369         685
           0 -1.71047588 2.730055266 73.39603065         690
           0 -1.71514954 2.729921827 73.39620536         695
           0 -1.71944966 2.729747762 73.39821630         700
           0 -1.72232715 2.729329954 73.39729818         705
           0 -1.72070227 2.729242893 73.39729818         710
           0 -1.72970512 2.728929619 73.39620536         715
           0 -1.73352837 2.728157925 73.39712347         720
           0 -1.76455996 2.726446771 73.39729818         725
           0 -1.77664808 2.724480664 73.39511253         730
           0 -1.79048270 2.723790711 73.39419499         735
           0 -1.77715440 2.724434274 73.39419499         740
           0 -1.78515248 2.724318364 73.39183406         745
           0 -1.79125849 2.723605161 73.39528781         750
           0 -1.78441018 2.723726868 73.39528781         755
           0 -1.78565858 2.723790665 73.39419499         760
           0 -1.79709281 2.722857235 73.39528781         765
           0 -1.79287744 2.722973156 73.39310217         770
           0 -1.79891356 2.722683313 73.39419499         775
           0 -1.79989131 2.722654333 73.39528781         780
           0 -1.79776718 2.722880433 73.39419499         785
           0 -1.79544049 2.722926796 73.39546366         790
           0 -1.79260762 2.723060125 73.39310217         795
           0 -1.79678933 2.723007980 73.39091652         800
           0 -1.75939150 2.725344646 73.39091652         805
           0 -1.76678907 2.727061703 73.38728805         810
           0 -1.76557323 2.727357565 73.38964842         815
           0 -1.78538866 2.725159292 73.39200934         820
           0 -1.75141651 2.725721578 73.38982370         825
           0 -1.76938937 2.725054746 73.38763805         830
           0 -1.73799351 2.726307302 73.38654523         835
           0 -1.73948166 2.728070946 73.38746277         840
           0 -1.74752920 2.727531445 73.38746277         845
           0 -1.76216170 2.727003646 73.38527712         850
           0 -1.73180293 2.727740161 73.38746277         855
           0 -1.73870378 2.728169576 73.38964842         860
           0 -1.72330879 2.728598805 73.38400958         865
           0 -1.72774245 2.729463474 73.38418430         870
           0 -1.71372724 2.729608424 73.38291676         875
           0 -1.72175169 2.729829029 73.38400958         880
           0 -1.71867097 2.729753555 73.38400958         885
           0 -1.72364727 2.729469238 73.38199865         890
           0 -1.73410349 2.728929658 73.38527712         895
           0 -1.71961893 2.728836679 73.38636995         900
           0 -1.72496730 2.729422825 73.38182393         905
           0 -1.71464158 2.729741909 73.38073111         910
           0 -1.70315831 2.731274065 73.37872018         915
           0 -1.65460913 2.734519113 73.37618566         920
           0 -1.67823742 2.733747019 73.37618566         925
           0 -1.70034573 2.733189817 73.38055696         930
           0 -1.70441198 2.731140570 73.37417416         935
           0 -1.72198865 2.730165639 73.37526699         940
           0 -1.72005904 2.729736154 73.37089569         945
           0 -1.72297030 2.729573688 73.37216324         950
           0 -1.72121006 2.729411181 73.37325607         955
           0 -1.72449346 2.729045622 73.37544171         960
           0 -1.72408729 2.729242919 73.37635981         965
           0 -1.72090538 2.729254494 73.37198851         970
           0 -1.72056685 2.729527239 73.37107042         975
           0 -1.71545430 2.729724504 73.37089569         980
           0 -1.70583496 2.731314719 73.36560631         985
           0 -1.68966773 2.735047911 73.36307175         990
           0 -1.65392973 2.734519102 73.35979328         995
           0 -1.66021328 2.735878168 73.35979328        1000
           0 -1.66452567 2.732939816 73.36106027        1005
           0 -1.65270674 2.735698043 73.35668898        1010
           0 -1.60028337 2.739200674 73.35760763        1015
           0 -1.60099873 2.739630697 73.35524837        1020
           0 -1.56492521 2.742187732 73.36071250        1025
           0 -1.55550363 2.744030661 73.35726099        1030
           0 -1.57584304 2.742513381 73.35634119        1035
           0 -1.57632055 2.742641283 73.35835381        1040
           0 -1.55058619 2.744373687 73.35288968        1045
           0 -1.54071338 2.745152836 73.35053155        1050
           0 -1.55932743 2.746089374 73.35507533        1055
           0 -1.53804788 2.745908871 73.35288968        1060
           0 -1.53900477 2.744798080 73.35179685        1065
           0 -1.53086970 2.746560240 73.35271721        1070
           0 -1.57843511 2.744013432 73.35162438        1075
           0 -1.57079431 2.743711006 73.35944664        1080
           0 -1.55922502 2.743443438 73.35616816        1085
           0 -1.50942182 2.747188263 73.35179685        1090
           0 -1.50798427 2.748927780 73.35381003        1095
           0 -1.51749751 2.748287862 73.35599569        1100
           0 -1.52382566 2.748375190 73.34834589        1105
           0 -1.50219874 2.749079007 73.34725306        1110
           0 -1.45018818 2.753146854 73.34616024        1115
           0 -1.38636374 2.759133501 73.35018831        1120
           0 -1.44359543 2.756023332 73.35346680        1125
           0 -1.43816845 2.751976649 73.35473096        1130
           0 -1.46600846 2.752762776 73.35582379        1135
           0 -1.48085606 2.751167991 73.36019511        1140
           0 -1.54317351 2.746519642 73.36473832        1145
           0 -1.51150950 2.747810746 73.36364549        1150
           0 -1.55809844 2.744135353 73.36709643        1155
           0 -1.50805272 2.745914408 73.36508380        1160
           0 -1.49850058 2.749666681 73.36364549        1165
           0 -1.52262860 2.749818207 73.36565926        1170
           0 -1.53363875 2.746420671 73.36801680        1175
           0 -1.54002995 2.745926342 73.36928209        1180
           0 -1.59718317 2.743932205 73.36053947        1185
           0 -1.62499896 2.741740694 73.36818926        1190
           0 -1.63224423 2.737911077 73.36836228        1195
           0 -1.61550457 2.738701101 73.36399098        1200
           0 -1.56946368 2.743362140 73.37146774        1205
           0 -1.57297770 2.743716844 73.36928209        1210
           0 -1.53316017 2.745129509 73.37365340        1215
           0 -1.52286802 2.747025516 73.37238812        1220
           0 -1.49990460 2.748956802 73.37348095        1225
           0 -1.48102744 2.753182083 73.37238812        1230
           0 -1.43967992 2.756675625 73.37112341        1235
           0 -1.40096293 2.761855126 73.36531719        1240
           0 -1.39762400 2.756815021 73.37423058        1245
           0 -1.29673670 2.766326063 73.37423058        1250
           0 -1.24274632 2.771091949 73.37279684        1255
           0 -1.20272809 2.775750067 73.37918424        1260
           0 -1.18623817 2.776660933 73.37573670        1265
           0 -1.18954424 2.776590880 73.37228973        1270
           0 -1.19577204 2.776935520 73.37447541        1275
           0 -1.20808255 2.774360437 73.37901521        1280
           0 -1.20630949 2.775014355 73.37884675        1285
           0 -1.20881259 2.774739952 73.37556824        1290
           0 -1.22073265 2.774664162 73.37447541        1295
           0 -1.22198331 2.774080328 73.37682954        1300
           0 -1.23254121 2.773409062 73.37809140        1305
