RawData/37-SM_03720169_2024_04_07_1.cnv
* Sea-Bird SBE37SMP-RS232 Data File:
* FileName = D:\Ocean\Data\AGF 211 2024/37-SM_03720169_2024_04_07_1.hex
* Software version Fathom 1.0.2
* Temperature SN = 03720169
* Conductivity SN = 03720169
* Pressure SN = 10771520
* System UpLoad Time = Apr 07 2024 15:25:54
* sample interval = 300 seconds
# nquan = 5
# nvalues = 905
# units = specified
# name 0 = flag: 0.000e+00
# name 1 = t090C: Temperature [ITS-90, deg C]
# name 2 = c0S/m: Conductivity [S/m]
# name 3 = prdM: Pressure [db]
# name 4 = timeM: Elapsed Time [minutes]
# span 0 =           0,           0
# span 1 = -10.112135984298447, 10.086076454256385
# span 2 = 0.00005025819617946813, 2.7283154724666634
# span 3 = -0.1585046578539782, 1.2336560776858172
# span 4 =           0,        4520
# interval = seconds: 300
# start_time = unknown
# bad_flag = -9999999
*END*
[from data line 787]
           0 -1.69370453 2.589349585 1.222175409        3935
           0 -1.69840906 2.587177447 1.219514080        3940
           0 -1.69530768 2.587882126 1.228369549        3945
           0 -1.69792123 2.588297633 1.219078340        3950
           0 -1.69645769 2.587319419 1.222611150        3955
           0 -1.69224066 2.589607332 1.219078340        3960
           0 -1.68753464 2.585920650 1.222175409        3965
           0 -1.68251361 2.587587518 1.222611150        3970
           0 -1.68631437 2.588313323 1.215981270        3975
           0 -1.68826676 2.585862820 1.222175409        3980
           0 -1.68819703 2.591011992 1.219514080        3985
           0 -1.68610517 2.587787389 1.222175409        3990
           0 -1.69269378 2.588849866 1.222611150        3995
           0 -1.68774382 2.585678798 1.219514080        4000
           0 -1.68415256 2.590622620 1.225708219        4005
           0 -1.68439665 2.588581553 1.228369549        4010
           0 -1.69018410 2.586893421 1.219078340        4015
           0 -1.68959148 2.583618140 1.219514080        4020
           0 -1.67867723 2.591048751 1.219078340        4025
           0 -1.68174640 2.586782931 1.222175409        4030
           0 -1.68673275 2.589381093 1.219514080        4035
           0 -1.68471047 2.590001823 1.216417011        4040
           0 -1.68488481 2.588434284 1.222611150        4045
           0 -1.68335054 2.590922511 1.222611150        4050
           0 -1.68878969 2.587508681 1.225708219        4055
           0 -1.68784841 2.593159020 1.215981270        4060
           0 -1.69081155 2.590712111 1.219078340        4065
           0 -1.69725917 2.590659546 1.215981270        4070
           0 -1.69359997 2.591211976 1.225708219        4075
           0 -1.69816515 2.593385415 1.212884201        4080
           0 -1.69339085 2.593843302 1.222175409        4085
           0 -1.69468038 2.591117273 1.219078340        4090
           0 -1.69928014 2.591827662 1.222175409        4095
           0 -1.70743159 2.591164725 1.222175409        4100
           0 -1.70137058 2.592980181 1.228805288        4105
           0 -1.70844157 2.586320410 1.228805288        4110
           0 -1.70753607 2.593817090 1.216417011        4115
           0 -1.69799092 2.596544095 1.225708219        4120
           0 -1.70046475 2.593727557 1.222611150        4125
           0 -1.70255507 2.592174997 1.225708219        4130
           0 -1.69743340 2.594353924 1.222611150        4135
           0 -1.69823484 2.598197697 1.219078340        4140
           0 -1.69882718 2.596317684 1.228805288        4145
           0 -1.70206735 2.595301544 1.222611150        4150
           0 -1.70840675 2.595864939 1.222611150        4155
           0 -1.70892913 2.598466394 1.222611150        4160
           0 -1.70171897 2.597133897 1.219514080        4165
           0 -1.70116155 2.595148864 1.229241639        4170
           0 -1.70311245 2.596317714 1.219514080        4175
           0 -1.70276409 2.597823794 1.219514080        4180
           0 -1.69924530 2.597086483 1.213319942        4185
           0 -1.69976793 2.598745483 1.219514080        4190
           0 -1.69394849 2.728315472 1.213319942        4195
           0 -2.76093399 0.000083354 -0.07642131        4200
           0 -4.50157243 0.000094007 -0.04893240        4205
           0 -6.76124002 0.000099006 -0.05758602        4210
           0 -7.85424715 0.000107046 -0.05923122        4215
           0 -8.51456336 0.000117953 -0.07196233        4220
           0 -8.81996086 0.000123413 -0.06824375        4225
           0 -9.12890249 0.000126106 -0.07510976        4230
           0 -9.35543712 0.000128819 -0.08286277        4235
           0 -10.1121359 0.000128641 -0.08122073        4240
           0 -9.85707291 0.000125935 -0.09406302        4245
           0 -1.42388882 0.000133453 0.045127088        4250
           0 -0.35592835 0.000106047 -0.07060777        4255
           0 -0.74046213 0.000100425 -0.14080727        4260
           0 -0.94919677 0.000092078 -0.14785303        4265
           0 -0.81831191 0.000094875 -0.14870219        4270
           0 -0.11317415 0.000089509 -0.15517149        4275
           0 1.041025258 0.000087016 -0.15850465        4280
           0 1.708000443 0.000076110 -0.15601363        4285
           0 2.112635252 0.000073440 -0.15576263        4290
           0 2.391023574 0.000073505 -0.15008674        4295
           0 2.636877239 0.000070797 -0.14357331        4300
           0 2.854414474 0.000070849 -0.14941843        4305
           0 3.158950305 0.000068155 -0.14865305        4310
           0 3.666083023 0.000068274 -0.14553374        4315
           0 4.199956605 0.000065635 -0.14312842        4320
           0 4.734535771 0.000065761 -0.14375944        4325
           0 5.272612429 0.000063122 -0.14706282        4330
           0 5.792654658 0.000063244 -0.14757848        4335
           0 6.288226946 0.000060596 -0.14148675        4340
           0 6.760538266 0.000060707 -0.13569292        4345
           0 7.220163065 0.000058050 -0.14464155        4350
           0 7.655290565 0.000058152 -0.13254441        4355
           0 7.899783714 0.000058210 -0.12215992        4360
           0 8.067091155 0.000055484 -0.13033642        4365
           0 8.211126922 0.000055518 -0.11648599        4370
           0 8.321938601 0.000055544 -0.12739750        4375
           0 8.421135919 0.000055567 -0.12558557        4380
           0 8.490244847 0.000055584 -0.12003028        4385
           0 8.552828817 0.000052833 -0.11478994        4390
           0 8.653619084 0.000052856 -0.11852001        4395
           0 8.905289302 0.000052916 -0.11699463        4400
           0 9.203318907 0.000052986 -0.11576367        4405
           0 9.338800033 0.000053018 -0.11018662        4410
           0 9.413495280 0.000053036 -0.10801080        4415
           0 9.453865518 0.000053045 -0.11821811        4420
           0 9.488218024 0.000053053 -0.11542505        4425
           0 9.574962320 0.000050308 -0.10704226        4430
           0 9.650211231 0.000053091 -0.10454786        4435
           0 9.709338964 0.000053105 -0.11753678        4440
           0 9.768945272 0.000050354 -0.10854460        4445
           0 9.834798056 0.000053135 -0.10324447        4450
           0 9.893275529 0.000053149 -0.10663847        4455
           0 9.931542859 0.000050392 -0.10383757        4460
           0 9.940700171 0.000050394 -0.10413321        4465
           0 9.979242636 0.000050403 -0.10442825        4470
           0 10.04714691 0.000053185 -0.10472268        4475
           0 10.08607645 0.000050429 -0.10811367        4480
           0 10.07635288 0.000050426 -0.09911545        4485
           0 9.907889652 0.000050387 -0.10191937        4490
           0 9.398498166 0.000050266 -0.10413321        4495
           0 9.336258365 0.000053017 -0.10354132        4500
           0 9.446442171 0.000050278 -0.09705018        4505
           0 9.555627116 0.000053069 -0.10294702        4510
           0 9.361567977 0.000050258 -0.10604417        4515
           0 9.192379366 0.000052983 -0.10205105        4520
