RawData/37-SM_03720169_2024_04_07_1.cnv
* Sea-Bird SBE37SMP-RS232 Data File:
* FileName = D:\Ocean\Data\AGF 211 2024/37-SM_03720169_2024_04_07_1.hex
* Software version Fathom 1.0.2
* Temperature SN = 03720169
* Conductivity SN = 03720169
* Pressure SN = 10771520
* System UpLoad Time = Apr 07 2024 15:25:54
* sample interval = 300 seconds
# nquan = 5
# nvalues = 905
# units = specified
# name 0 = flag: 0.000e+00
# name 1 = t090C: Temperature [ITS-90, deg C]
# name 2 = c0S/m: Conductivity [S/m]
# name 3 = prdM: Pressure [db]
# name 4 = timeM: Elapsed Time [minutes]
# span 0 =           0,           0
# span 1 = -10.112135984298447, 10.086076454256385
# span 2 = 0.00005025819617946813, 2.7283154724666634
# span 3 = -0.1585046578539782, 1.2336560776858172
# span 4 =           0,        4520
# interval = seconds: 300
# start_time = unknown
# bad_flag = -9999999
*END*
           0 1.398946317 0.000067740 -0.12885316           0
           0 1.269381827 0.000070475 -0.13004822           5
           0 1.071839554 0.000067663 -0.13742229          10
           0 0.883496969 0.000070384 -0.13510153          15
           0 0.547335107 0.000070305 -0.13895306          20
           0 0.219102241 0.000070227 -0.13658849          25
           0 -0.03040473 0.000070169 -0.13769836          30
           0 -0.32581396 0.000072865 -0.13489067          35
           0 -0.61711594 0.000075562 -0.14215817          40
           0 -0.79733662 0.000075519 -0.14280662          45
           0 -0.94235096 0.000075485 -0.12877365          50
           0 -1.05177597 0.000078225 -0.14218959          55
           0 -1.16771628 0.000078198 -0.14094057          60
           0 -1.36293613 0.000078152 -0.14194376          65
           0 -2.08310886 0.000080748 -0.13941094          70
           0 -3.15709798 0.000083260 -0.14047353          75
           0 -3.56655411 0.000085930 -0.12993587          80
           0 -3.69037660 0.000088666 -0.12951413          85
           0 -3.80647168 0.000094170 -0.12684934          90
           0 -4.06419908 0.000094110 -0.11177425          95
           0 -4.17578725 0.000096849 -0.12455074         100
           0 -4.28535672 0.000099589 -0.11653847         105
           0 -4.33685393 0.000096811 -0.12709879         110
           0 -4.32983562 0.000099579 -0.11023609         115
           0 -4.35513196 0.000099573 -0.10931478         120
           0 -4.30773082 0.000099584 -0.11195026         125
           0 -4.25929668 0.000102361 -0.11675597         130
           0 -4.23298721 0.000102367 -0.12155617         135
           0 -4.38609177 0.000102331 -0.12898020         140
           0 -5.03303571 0.000104945 -0.13470599         145
           0 -4.88647962 0.000104979 -0.11705967         150
           0 -4.74110549 0.000107779 -0.11752676         155
           0 -4.49943411 0.000107836 -0.12184882         160
           0 -1.96318333 1.657843651 1.233656077         165
           0 -1.90076836 2.435693599 1.213290176         170
           0 -1.88169046 2.132796543 1.199583677         175
           0 -1.80539818 2.188461306 1.205339626         180
           0 -1.77612961 2.339311796 1.186319638         185
           0 -1.77161748 2.375566881 1.186319638         190
           0 -1.76640987 2.381153091 1.188979741         195
           0 -1.75936002 2.363369845 1.189416707         200
           0 -1.75428809 2.362636869 1.185882672         205
           0 -1.75637260 2.354218966 1.195610844         210
           0 -1.75727582 2.355413616 1.197834595         215
           0 -1.74733808 2.350834404 1.213756294         220
           0 -1.74313212 2.378851553 1.223047501         225
           0 -1.75126514 2.346339679 1.225708219         230
           0 -1.74274972 2.343385410 1.226144570         235
           0 -1.73579557 2.343821813 1.229241639         240
           0 -1.73297843 2.344171988 1.222611150         245
           0 -1.72800396 2.339483914 1.213756294         250
           0 -1.73259583 2.337582282 1.219514080         255
           0 -1.74035082 2.431233055 1.225708219         260
           0 -1.73864707 2.456433362 1.222611150         265
           0 -1.73659542 2.459809387 1.229241639         270
           0 -1.74323641 2.457223055 1.232338708         275
           0 -1.74605206 2.458983357 1.223047501         280
           0 -1.74274972 2.459478981 1.229241639         285
           0 -1.74062897 2.460873160 1.222611150         290
           0 -1.75199486 2.460300037 1.219950432         295
           0 -1.74347976 2.461012615 1.222611150         300
           0 -1.74931909 2.459009194 1.219950432         305
           0 -1.75345422 2.459499708 1.219950432         310
           0 -1.74893681 2.459437717 1.216417011         315
           0 -1.74115048 2.459793927 1.219514080         320
           0 -1.73478701 2.460723357 1.219950432         325
           0 -1.73238713 2.460217277 1.223047501         330
           0 -1.74570447 2.461002301 1.213319942         335
           0 -1.73551735 2.462820307 1.216417011         340
           0 -1.73680408 2.462407075 1.219514080         345
           0 -1.73541302 2.463156084 1.216417011         350
           0 -1.74021174 2.461296635 1.219950432         355
           0 -1.73944681 2.459153684 1.223047501         360
           0 -1.73690840 2.462949461 1.219950432         365
           0 -1.73708228 2.461658139 1.219950432         370
           0 -1.75470501 2.461059174 1.216853363         375
           0 -1.75192537 2.459282846 1.213319942         380
           0 -1.75585149 2.462944432 1.219950432         385
           0 -1.75338473 2.459272531 1.216853363         390
           0 -1.75414911 2.461074664 1.219950432         395
           0 -1.75696317 2.461028204 1.216853363         400
           0 -1.75220335 2.457476031 1.213756294         405
           0 -1.75366269 2.462417525 1.213756294         410
           0 -1.75303727 2.461585945 1.213756294         415
           0 -1.75793584 2.461136662 1.213756294         420
           0 -1.75654630 2.460274249 1.210659225         425
           0 -1.75213385 2.458327757 1.216417011         430
           0 -1.75178637 2.461353527 1.216853363         435
           0 -1.75783163 2.457646409 1.216417011         440
           0 -1.75974209 2.459504916 1.216853363         445
           0 -1.75630312 2.460031555 1.213756294         450
           0 -1.75783163 2.461647956 1.210659225         455
           0 -1.75487872 2.459019560 1.219950432         460
           0 -1.75470501 2.459349987 1.219950432         465
           0 -1.75383641 2.461301895 1.210659225         470
           0 -1.75897793 2.459990266 1.216853363         475
           0 -1.75616416 2.460857775 1.207125803         480
           0 -1.75762320 2.460062545 1.207562156         485
           0 -1.75845689 2.462071490 1.219950432         490
           0 -1.75449655 2.463435187 1.213756294         495
           0 -1.75696317 2.462097305 1.219950432         500
           0 -1.75859584 2.460584098 1.216853363         505
           0 -1.75567779 2.463450694 1.216853363         510
           0 -1.75783163 2.460522123 1.210659225         515
           0 -1.75560831 2.462773958 1.204028733         520
           0 -1.76140925 2.462603537 1.210659225         525
           0 -1.75314151 2.465383091 1.213756294         530
           0 -1.75348896 2.465429603 1.216853363         535
           0 -1.75887372 2.458141965 1.213756294         540
           0 -1.75321100 2.464359980 1.210659225         545
           0 -1.75560831 2.464070660 1.210659225         550
           0 -1.75661578 2.460320722 1.204465087         555
           0 -1.74994463 2.463476483 1.213756294         560
           0 -1.74855452 2.459303472 1.207562156         565
           0 -1.75098715 2.460387812 1.207562156         570
           0 -1.74069850 2.461012593 1.213756294         575
           0 -1.73569124 2.462505210 1.219514080         580
           0 -1.73443922 2.463801847 1.204028733         585
           0 -1.72741251 2.460428953 1.207562156         590
           0 -1.72821271 2.460067499 1.216417011         595
           0 -1.72744730 2.460217237 1.204028733         600
           0 -1.72970865 2.456768759 1.207125803         605
           0 -1.72908245 2.458978071 1.216417011         610
           0 -1.72476813 2.459752502 1.216417011         615
           0 -1.73457834 2.457692698 1.216417011         620
           0 -1.72981301 2.457140370 1.204028733         625
           0 -1.72118374 2.460599320 1.213319942         630
           0 -1.72285422 2.461890456 1.216417011         635
           0 -1.72365461 2.462437972 1.216417011         640
           0 -1.72890851 2.462995896 1.219514080         645
           0 -1.72671666 2.459050334 1.216417011         650
           0 -1.72285422 2.459690528 1.216417011         655
           0 -1.71568405 2.459933157 1.216417011         660
           0 -1.71585811 2.459917667 1.213756294         665
           0 -1.72508130 2.460212059 1.216417011         670
           0 -1.71958272 2.460459882 1.213319942         675
           0 -1.71578849 2.459690477 1.213319942         680
           0 -1.72041805 2.461131229 1.216417011         685
           0 -1.71690247 2.459829897 1.219514080         690
           0 -1.71314253 2.461993687 1.216417011         695
           0 -1.71738981 2.460707739 1.219514080         700
           0 -1.72247141 2.462277839 1.219950432         705
           0 -1.72588160 2.460501239 1.216417011         710
           0 -1.73304800 2.459964261 1.210222872         715
           0 -1.72445496 2.457486156 1.213319942         720
           0 -1.73030003 2.462190086 1.219514080         725
           0 -1.73023046 2.460021043 1.223047501         730
           0 -1.73318712 2.456794593 1.219514080         735
           0 -1.73485657 2.462887457 1.216853363         740
           0 -1.73676930 2.463507386 1.213756294         745
           0 -1.73614334 2.461353414 1.210659225         750
           0 -1.73645632 2.466049625 1.207562156         755
           0 -1.73875139 2.465341649 1.219950432         760
           0 -1.74132432 2.461807950 1.216417011         765
           0 -1.73663020 2.460206980 1.222611150         770
           0 -1.74142862 2.460635615 1.219950432         775
           0 -1.73624767 2.462381243 1.213756294         780
           0 -1.73798640 2.462515557 1.219950432         785
           0 -1.74222824 2.464328900 1.213319942         790
           0 -1.74619109 2.461498098 1.219950432         795
           0 -1.74546116 2.459478997 1.213756294         800
           0 -1.74650392 2.461208882 1.213756294         805
           0 -1.74657343 2.463027016 1.213756294         810
           0 -1.74893681 2.460108959 1.223047501         815
           0 -1.74128955 2.462055871 1.219950432         820
           0 -1.74174152 2.460387750 1.226144570         825
           0 -1.74462691 2.460480720 1.223047501         830
           0 -1.74278448 2.468825515 1.219950432         835
           0 -1.74469643 2.460862859 1.216417011         840
           0 -1.74754662 2.462939204 1.210222872         845
           0 -1.75192537 2.460021199 1.223047501         850
           0 -1.75084815 2.459861121 1.216853363         855
           0 -1.75484398 2.463982823 1.216853363         860
           0 -1.74587827 2.461157235 1.219950432         865
           0 -1.74918008 2.460635669 1.213756294         870
           0 -1.75321100 2.465796513 1.210659225         875
           0 -1.75289829 2.461658251 1.213756294         880
           0 -1.75619890 2.464535680 1.225708219         885
           0 -1.75612942 2.461327736 1.219950432         890
           0 -1.75595572 2.462897941 1.223047501         895
           0 -1.74563495 2.470123382 1.226144570         900
           0 -1.74521784 2.462913361 1.219514080         905
           0 -1.74695576 2.462334834 1.222611150         910
           0 -1.74535688 2.462128212 1.219950432         915
           0 -1.74094188 2.461735639 1.219950432         920
           0 -1.74327118 2.459282784 1.213756294         925
           0 -1.74507880 2.464065418 1.213756294         930
           0 -1.74059420 2.461988719 1.216417011         935
           0 -1.74021174 2.462076522 1.213756294         940
           0 -1.74674722 2.460666636 1.213756294         945
           0 -1.74931909 2.462407165 1.219950432         950
           0 -1.74723382 2.463207829 1.219950432         955
           0 -1.74341023 2.465341681 1.213756294         960
           0 -1.74354928 2.464762938 1.219950432         965
           0 -1.74563495 2.463977592 1.223047501         970
           0 -1.74285401 2.463001162 1.219950432         975
           0 -1.74268019 2.464380571 1.210659225         980
           0 -1.74514832 2.463739931 1.219950432         985
           0 -1.74268019 2.461523895 1.216853363         990
           0 -1.74142862 2.461802786 1.216853363         995
           0 -1.74226301 2.460723409 1.213319942        1000
           0 -1.74135909 2.459158859 1.213319942        1005
           0 -1.74101141 2.461498060 1.219950432        1010
           0 -1.74215871 2.461560046 1.222611150        1015
           0 -1.74817222 2.460620171 1.216417011        1020
           0 -1.74271495 2.460568492 1.219514080        1025
           0 -1.74660819 2.464117095 1.213319942        1030
           0 -1.74434882 2.461993913 1.223047501        1035
           0 -1.74629537 2.462748065 1.213756294        1040
           0 -1.74149815 2.460609794 1.213319942        1045
           0 -1.74459215 2.461394793 1.219514080        1050
           0 -1.74521784 2.463491949 1.219514080        1055
           0 -1.74824173 2.463083857 1.229241639        1060
           0 -1.74747711 2.461064287 1.219950432        1065
           0 -1.74549592 2.459370573 1.219950432        1070
           0 -1.74400120 2.464514922 1.216853363        1075
           0 -1.74459215 2.462133370 1.213319942        1080
           0 -1.74827648 2.463610795 1.219514080        1085
           0 -1.75133464 2.464106798 1.219950432        1090
           0 -1.75060490 2.465868845 1.210659225        1095
           0 -1.74692101 2.463662449 1.223047501        1100
           0 -1.74772040 2.463900108 1.216417011        1105
           0 -1.75004888 2.462675774 1.216853363        1110
           0 -1.74942335 2.463233674 1.216853363        1115
           0 -1.74560019 2.466876642 1.219950432        1120
           0 -1.74469643 2.464799117 1.223047501        1125
           0 -1.74660819 2.465936001 1.213319942        1130
           0 -1.74681673 2.464070597 1.213756294        1135
           0 -1.74851976 2.468499840 1.219950432        1140
           0 -1.74966661 2.465543265 1.216853363        1145
           0 -1.74900631 2.465135023 1.223047501        1150
           0 -1.75546934 2.467564190 1.219950432        1155
           0 -1.75102190 2.468510198 1.216853363        1160
           0 -1.75404488 2.465295250 1.219950432        1165
           0 -1.75230759 2.468034586 1.216417011        1170
           0 -1.74897156 2.468928964 1.219950432        1175
           0 -1.74956236 2.465780985 1.219514080        1180
           0 -1.74855452 2.466685421 1.210659225        1185
           0 -1.74893681 2.468763515 1.213756294        1190
           0 -1.75359320 2.471323258 1.216853363        1195
           0 -1.74848501 2.468727322 1.216853363        1200
           0 -1.74952760 2.471649078 1.213756294        1205
           0 -1.75004888 2.470924994 1.219514080        1210
           0 -1.75098715 2.470599184 1.213756294        1215
           0 -1.74949285 2.469870026 1.223047501        1220
           0 -1.75161263 2.470418188 1.219950432        1225
           0 -1.74765089 2.471297356 1.219950432        1230
           0 -1.74688625 2.470593982 1.210659225        1235
           0 -1.74897156 2.469471866 1.219950432        1240
           0 -1.75692844 2.473361390 1.219514080        1245
           0 -1.74949285 2.471747353 1.216853363        1250
           0 -1.75175163 2.476202261 1.213319942        1255
           0 -1.74904107 2.472021494 1.219514080        1260
           0 -1.74379262 2.474727269 1.219514080        1265
           0 -1.74931909 2.472161158 1.219514080        1270
           0 -1.74466167 2.472843958 1.216853363        1275
           0 -1.74587827 2.473382006 1.223047501        1280
           0 -1.75077865 2.471468058 1.216853363        1285
           0 -1.74778991 2.474892890 1.223047501        1290
           0 -1.74900631 2.472921589 1.223047501        1295
           0 -1.75116089 2.478438553 1.219514080        1300
           0 -1.74615634 2.475068821 1.213756294        1305
