RawData/37-SM_03721530_2024_04_07_9.cnv
* Sea-Bird SBE37SM-RS232 Data File:
* FileName = D:\Ocean\Data\AGF 211 2024/37-SM_03721530_2024_04_07_9.hex
* Software version Fathom 1.0.2
* Temperature SN = 03721530
* Conductivity SN = 03721530
* Pressure SN = 11447521
* System UpLoad Time = Apr 07 2024 15:34:18
* sample interval = 300 seconds
# nquan = 5
# nvalues = 907
# units = specified
# name 0 = flag: 0.000e+00
# name 1 = t090C: Temperature [ITS-90, deg C]
# name 2 = c0S/m: Conductivity [S/m]
# name 3 = prdM: Pressure [db]
# name 4 = timeM: Elapsed Time [minutes]
# span 0 =           0,           0
# span 1 = -9.06587396344463, 11.367737858368173
# span 2 = 0.0001142580354748601, 2.806320695091434
# span 3 = -0.7806022514415025, 73.41570149581787
# span 4 =           0,        4530
# interval = seconds: 300
# start_time = unknown
# bad_flag = -9999999
*END*
[from data line 787]
           0 -1.37616531 2.760718400 73.39936569        3935
           0 -1.37637209 2.761178809 73.39919497        3940
           0 -1.36392697 2.761470104 73.39919497        3945
           0 -1.36547874 2.761475947 73.39919497        3950
           0 -1.37426974 2.761371121 73.40247347        3955
           0 -1.37120196 2.760945639 73.39793199        3960
           0 -1.38285003 2.760596081 73.39919497        3965
           0 -1.38529592 2.760246452 73.39700931        3970
           0 -1.38067947 2.760730097 73.39591648        3975
           0 -1.37706133 2.760782513 73.39700931        3980
           0 -1.38205763 2.760759249 73.39591648        3985
           0 -1.37716472 2.760718409 73.39718003        3990
           0 -1.37171904 2.760310425 73.39499437        3995
           0 -1.36306483 2.760811520 73.39482364        4000
           0 -1.38419358 2.760899137 73.39154515        4005
           0 -1.38074838 2.760316337 73.39373081        4010
           0 -1.37451100 2.761726654 73.39263798        4015
           0 -1.36092654 2.761231115 73.39263798        4020
           0 -1.37857759 2.761126376 73.39280870        4025
           0 -1.37554496 2.760479457 73.39062304        4030
           0 -1.37912892 2.760741737 73.39028216        4035
           0 -1.38543370 2.760549482 73.39045232        4040
           0 -1.36661663 2.760928109 73.38717382        4045
           0 -1.37833637 2.761342015 73.38953021        4050
           0 -1.37382167 2.760444475 73.38826665        4055
           0 -1.37530371 2.760904880 73.39045232        4060
           0 -1.37468333 2.760706728 73.39045232        4065
           0 -1.37919784 2.760648493 73.38935949        4070
           0 -1.36572012 2.761167050 73.39062304        4075
           0 -1.33884001 2.764046442 73.39045232        4080
           0 -1.33252000 2.764606118 73.38935949        4085
           0 -1.32982560 2.764856822 73.38809650        4090
           0 -1.32274236 2.765171635 73.38700366        4095
           0 -1.32865100 2.765381619 73.38700366        4100
           0 -1.32346808 2.765754790 73.38700366        4105
           0 -1.32695806 2.765492401 73.38591083        4110
           0 -1.32550686 2.765434073 73.38717382        4115
           0 -1.32533409 2.765550701 73.38809650        4120
           0 -1.32194749 2.765795598 73.38591083        4125
           0 -1.31569109 2.766028812 73.38700366        4130
           0 -1.31451563 2.766052130 73.39137499        4135
           0 -1.31614051 2.766209609 73.38792691        4140
           0 -1.32782182 2.766151399 73.39028216        4145
           0 -1.33721704 2.764297137 73.39028216        4150
           0 -1.32723447 2.765679014 73.38700366        4155
           0 -1.29870910 2.767731769 73.38918933        4160
           0 -1.24638970 2.770059107 73.39011257        4165
           0 -1.23760972 2.772311705 73.38775789        4170
           0 -1.21482567 2.773630733 73.38775789        4175
           0 -1.17676925 2.775533763 73.38977511        4180
           0 -1.18898747 2.778097803 73.39086794        4185
           0 -1.14833461 2.778447907 73.39305362        4190
           0 -1.10686223 2.784437601 73.38742156        4195
           0 -1.58160652 2.742913222 23.90586668        4200
           0 -3.62332891 0.000118937 -0.13326550        4205
           0 -4.83932415 0.000119092 0.216102638        4210
           0 -5.19660813 0.000119138 1.626403742        4215
           0 -6.09269312 0.000122249 1.054729762        4220
           0 -7.32624698 0.000119411 1.201787282        4225
           0 -7.82539407 0.000119475 1.717641514        4230
           0 -8.25922421 0.000119531 1.882471233        4235
           0 -9.06587396 0.000122631 2.113087644        4240
           0 -8.22147795 0.000122522 1.488747502        4245
           0 -0.55451575 0.000127532 0.233075285        4250
           0 4.497335407 0.000117895 -0.78060225        4255
           0 2.800434531 0.000118113 -0.14877639        4260
           0 2.044143528 0.000118210 -0.15273589        4265
           0 3.037324736 0.000118083 -0.15651865        4270
           0 3.063903381 0.000115083 -0.15569458        4275
           0 3.408219794 0.000118035 -0.15612304        4280
           0 3.402104202 0.000118036 -0.15414683        4285
           0 3.663759130 0.000118002 -0.15287422        4290
           0 3.896001423 0.000114976 -0.14922423        4295
           0 3.983003252 0.000117961 -0.15229538        4300
           0 4.146780734 0.000117940 -0.15500515        4305
           0 4.876498537 0.000117847 -0.14586599        4310
           0 5.099943523 0.000117818 -0.14722282        4315
           0 5.485918852 0.000117769 -0.14215146        4320
           0 5.781797848 0.000117731 -0.14452328        4325
           0 6.231985693 0.000117673 -0.14060938        4330
           0 6.748519414 0.000117607 -0.13991572        4335
           0 7.240309588 0.000117544 -0.13042578        4340
           0 7.688973974 0.000117486 -0.13289550        4345
           0 8.196607743 0.000117421 -0.13434484        4350
           0 8.137014532 0.000117429 -0.13535568        4355
           0 8.358536450 0.000117400 -0.13499747        4360
           0 8.631076564 0.000117365 -0.13438313        4365
           0 8.675093149 0.000117360 -0.13703707        4370
           0 8.838973254 0.000120335 -0.13847534        4375
           0 8.865376292 0.000117335 -0.13651808        4380
           0 9.003246856 0.000117318 -0.13892844        4385
           0 9.041030695 0.000117313 -0.14013277        4390
           0 9.428558371 0.000117263 -0.14035478        4395
           0 9.658650630 0.000117234 -0.13751452        4400
           0 9.780248153 0.000117218 -0.13804818        4405
           0 9.863046496 0.000117207 -0.13846488        4410
           0 9.919746669 0.000117200 -0.14075262        4415
           0 9.932563730 0.000117198 -0.13877144        4420
           0 10.14713863 0.000117171 -0.14095642        4425
           0 10.25912747 0.000117157 -0.13897296        4430
           0 10.21786899 0.000117162 -0.14026471        4435
           0 10.25048658 0.000117158 -0.14145598        4440
           0 10.32782772 0.000117148 -0.14145598        4445
           0 10.37520378 0.000117142 -0.14264669        4450
           0 10.39209693 0.000117140 -0.14165183        4455
           0 10.31309140 0.000117150 -0.14165183        4460
           0 10.38513926 0.000117140 -0.14165183        4465
           0 10.50199067 0.000117125 -0.14065639        4470
           0 10.56198070 0.000117118 -0.14303383        4475
           0 10.21977900 0.000117162 -0.14521884        4480
           0 10.30634592 0.000117151 -0.14512291        4485
           0 9.502688652 0.000114258 -0.14929934        4490
           0 9.008009594 0.000117317 -0.15843633        4495
           0 9.751979689 0.000117222 -0.15891048        4500
           0 9.743308034 0.000117223 -0.16000297        4505
           0 9.797988506 0.000117216 -0.15682999        4510
           0 8.939579096 0.000117326 -0.15979231        4515
           0 9.322462756 0.000117277 -0.16373408        4520
           0 10.94826813 0.000117068 -0.15717919        4525
           0 11.36773785 0.000117014 -0.14918256        4530
