RawData/37-SM_03710967_2024_04_07_14.cnv
* Sea-Bird SBE37SM-RS232 Data File:
* FileName = D:\Ocean\Data\AGF 211 2024/37-SM_03710967_2024_04_07_14.hex
* Software version Fathom 1.0.2
* Temperature SN = 03710967
* Conductivity SN = 03710967
* System UpLoad Time = Apr 07 2024 15:39:13
* sample interval = 300 seconds
* <ApplicationData>
# nquan = 5
# nvalues = 908
# units = specified
# name 0 = flag: 0.000e+00
# name 1 = t090C: Temperature [ITS-90, deg C]
# name 2 = c0S/m: Conductivity [S/m]
# name 3 = timeM: Elapsed Time [minutes]
# name 4 = prdM: Pressure [db]
# span 0 =           0,           0
# span 1 = -8.25968336048885, 9.75843729933274
# span 2 = -0.000016931919082563762, 2.8056477687885945
# span 3 =           0,        4535
# span 4 =           0,           0
# interval = seconds: 300
# start_time = unknown
# bad_flag = -9999999
*END*
[from data line 263]
           0 -1.04065397 2.790013605        1315           0
           0 -1.05998395 2.788352207        1320           0
           0 -1.03308773 2.790660119        1325           0
           0 -1.05495661 2.788845490        1330           0
           0 -1.03678563 2.790518351        1335           0
           0 -0.95017746 2.798400011        1340           0
           0 -0.95818899 2.797559802        1345           0
           0 -0.96451333 2.797043246        1350           0
           0 -0.96856806 2.796799179        1355           0
           0 -1.00512498 2.793428321        1360           0
           0 -1.08585219 2.786288748        1365           0
           0 -1.08325669 2.786895295        1370           0
           0 -1.03866855 2.790665835        1375           0
           0 -1.03863432 2.790711210        1380           0
           0 -0.99651549 2.794392904        1385           0
           0 -1.06873590 2.788063102        1390           0
           0 -1.08206128 2.786764898        1395           0
           0 -1.13503194 2.782293833        1400           0
           0 -1.09428515 2.785954374        1405           0
           0 -1.12361794 2.783273952        1410           0
           0 -1.12539011 2.783341962        1415           0
           0 -1.09520674 2.785920371        1420           0
           0 -1.08284685 2.786946313        1425           0
           0 -1.09162251 2.786147080        1430           0
           0 -1.09012035 2.786243433        1435           0
           0 -1.09012035 2.786260439        1440           0
           0 -1.06418949 2.787983687        1445           0
           0 -1.04698540 2.790093056        1450           0
           0 -0.96210758 2.797554156        1455           0
           0 -0.95213768 2.798292148        1460           0
           0 -1.03476557 2.790694164        1465           0
           0 -1.03288227 2.791459904        1470           0
           0 -1.09510435 2.785988391        1475           0
           0 -1.04465841 2.790705586        1480           0
           0 -0.95248155 2.798263762        1485           0
           0 -0.95904840 2.797514392        1490           0
           0 -0.95870464 2.797480326        1495           0
           0 -0.95712327 2.797542762        1500           0
           0 -0.96468516 2.796889975        1505           0
           0 -0.95671072 2.797588177        1510           0
           0 -0.94838903 2.798337541        1515           0
           0 -0.95010868 2.798235355        1520           0
           0 -0.94918009 2.798326191        1525           0
           0 -0.94071749 2.799172161        1530           0
           0 -0.95457906 2.798025318        1535           0
           0 -0.95409769 2.798042347        1540           0
           0 -0.98924072 2.795028449        1545           0
           0 -0.96379164 2.797253285        1550           0
           0 -0.99195193 2.794829839        1555           0
           0 -0.98426346 2.795437040        1560           0
           0 -0.96203884 2.797366811        1565           0
           0 -0.93579646 2.799501477        1570           0
           0 -0.93417879 2.799785403        1575           0
           0 -0.93063319 2.800018213        1580           0
           0 -0.92722466 2.800279427        1585           0
           0 -0.91034528 2.801767408        1590           0
           0 -0.90965601 2.801846928        1595           0
           0 -0.91578964 2.801205113        1600           0
           0 -0.93782697 2.799211887        1605           0
           0 -0.94546526 2.798473786        1610           0
           0 -0.95117479 2.797968516        1615           0
           0 -0.97007977 2.796384810        1620           0
           0 -0.98961825 2.794585795        1625           0
           0 -0.97640019 2.795703735        1630           0
           0 -0.93799904 2.799030180        1635           0
           0 -0.93290520 2.799626386        1640           0
           0 -0.92694920 2.800131766        1645           0
           0 -0.93245770 2.799597989        1650           0
           0 -0.92526191 2.800245336        1655           0
           0 -0.91096560 2.801500439        1660           0
           0 -0.91399800 2.801261899        1665           0
           0 -0.92126690 2.800631503        1670           0
           0 -0.91506611 2.801142628        1675           0
           0 -0.90127940 2.802369482        1680           0
           0 -0.90669187 2.801920751        1685           0
           0 -0.90455464 2.802068429        1690           0
           0 -0.90658846 2.801898028        1695           0
           0 -0.89013940 2.803369289        1700           0
           0 -0.89962433 2.802556939        1705           0
           0 -0.88365246 2.804011287        1710           0
           0 -0.88969090 2.803488600        1715           0
           0 -0.86963594 2.805261341        1720           0
           0 -0.87081013 2.805221569        1725           0
           0 -0.86587114 2.805647768        1730           0
           0 -0.88092591 2.804323787        1735           0
           0 -0.87112093 2.805227255        1740           0
           0 -0.87005037 2.805323858        1745           0
           0 -0.88220295 2.804312433        1750           0
           0 -0.88441168 2.804119254        1755           0
           0 -0.89379596 2.803380681        1760           0
           0 -0.88886289 2.803659047        1765           0
           0 -0.88537792 2.803948798        1770           0
           0 -0.89658966 2.803011408        1775           0
           0 -0.90989726 2.802062790        1780           0
           0 -0.91282645 2.801636780        1785           0
           0 -0.92767228 2.800892816        1790           0
           0 -0.93638155 2.799598020        1795           0
           0 -0.93524578 2.799546902        1800           0
           0 -0.94047663 2.799319799        1805           0
           0 -0.93676012 2.799654810        1810           0
           0 -0.94852661 2.798649826        1815           0
           0 -0.94233462 2.799160817        1820           0
           0 -0.95134674 2.798445443        1825           0
           0 -0.95674510 2.797951527        1830           0
           0 -0.96805268 2.797037597        1835           0
           0 -0.96416967 2.797310057        1840           0
           0 -0.96685006 2.797179509        1845           0
           0 -0.97530114 2.796367822        1850           0
           0 -0.98484707 2.795561909        1855           0
           0 -0.99191761 2.795005769        1860           0
           0 -0.99256961 2.794801468        1865           0
           0 -1.01256514 2.793082271        1870           0
           0 -1.03295076 2.791289730        1875           0
           0 -1.02123596 2.792208627        1880           0
           0 -1.05184378 2.789701770        1885           0
           0 -1.07355461 2.787728619        1890           0
           0 -1.03945589 2.790620466        1895           0
           0 -1.00121518 2.794035438        1900           0
           0 -1.06497579 2.788522354        1905           0
           0 -1.07690306 2.787462174        1910           0
           0 -1.09216872 2.786158421        1915           0
           0 -1.09152009 2.786175421        1920           0
           0 -1.08674005 2.786577860        1925           0
           0 -1.05786373 2.788975937        1930           0
           0 -1.07707389 2.787331778        1935           0
           0 -1.08387145 2.786776250        1940           0
           0 -1.09049590 2.786175413        1945           0
           0 -1.09466062 2.785807001        1950           0
           0 -1.08332500 2.786719556        1955           0
           0 -1.08445203 2.786657207        1960           0
           0 -1.07683473 2.787337445        1965           0
           0 -1.09131526 2.786073387        1970           0
           0 -1.09408034 2.785789992        1975           0
           0 -1.08540825 2.786691228        1980           0
           0 -1.07949943 2.787127701        1985           0
           0 -1.11710720 2.783840554        1990           0
           0 -1.10786567 2.784650871        1995           0
           0 -1.14667745 2.781370493        2000           0
           0 -1.13629218 2.782118212        2005           0
           0 -1.09544567 2.785693643        2010           0
           0 -1.11069658 2.784327861        2015           0
           0 -1.09595764 2.785687979        2020           0
           0 -1.13574722 2.782577122        2025           0
           0 -1.11615257 2.783908548        2030           0
           0 -1.17871712 2.778470896        2035           0
           0 -1.15692100 2.780696484        2040           0
           0 -1.11932315 2.784367598        2045           0
           0 -1.10622833 2.783891470        2050           0
           0 -1.16919924 2.779246646        2055           0
           0 -1.17545438 2.778759671        2060           0
           0 -1.17613416 2.778787991        2065           0
           0 -1.13315847 2.782633760        2070           0
           0 -1.12964947 2.782900031        2075           0
           0 -1.15773753 2.780322652        2080           0
           0 -1.12153883 2.783517591        2085           0
           0 -1.15290591 2.780775754        2090           0
           0 -1.14548598 2.781438462        2095           0
           0 -1.16447254 2.779977205        2100           0
           0 -1.15331426 2.780668134        2105           0
           0 -1.16389438 2.779965872        2110           0
           0 -1.15651273 2.780475574        2115           0
           0 -1.14831134 2.781257209        2120           0
           0 -1.15168080 2.781058971        2125           0
           0 -1.16518672 2.779835616        2130           0
           0 -1.16505069 2.779773315        2135           0
           0 -1.15181692 2.780673787        2140           0
           0 -1.14320497 2.781353471        2145           0
           0 -1.13935727 2.782021924        2150           0
           0 -1.12566274 2.783251303        2155           0
           0 -1.12579905 2.783234305        2160           0
           0 -1.11356116 2.784339217        2165           0
           0 -1.12354977 2.783421277        2170           0
           0 -1.10575074 2.784792540        2175           0
           0 -1.11799361 2.783902896        2180           0
           0 -1.11455003 2.784220216        2185           0
           0 -1.11611847 2.784044552        2190           0
           0 -1.11581161 2.784033216        2195           0
           0 -1.11591390 2.784123888        2200           0
           0 -1.11437954 2.784254217        2205           0
           0 -1.11356116 2.784299548        2210           0
           0 -1.13234090 2.782554432        2215           0
           0 -1.13268156 2.782537438        2220           0
           0 -1.12327711 2.783387276        2225           0
           0 -1.11887998 2.783823568        2230           0
           0 -1.11506149 2.784106880        2235           0
           0 -1.11990266 2.783710242        2240           0
           0 -1.11928906 2.783806571        2245           0
           0 -1.10465908 2.784854874        2250           0
           0 -1.10636478 2.784860555        2255           0
           0 -1.10841142 2.784611204        2260           0
           0 -1.11110583 2.784429873        2265           0
           0 -1.11189021 2.784395876        2270           0
           0 -1.11049195 2.784441202        2275           0
           0 -1.11298146 2.784271208        2280           0
           0 -1.11369756 2.784163539        2285           0
           0 -1.11015089 2.784486538        2290           0
           0 -1.11339066 2.784248543        2295           0
           0 -1.10916180 2.784514866        2300           0
           0 -1.10633066 2.784792545        2305           0
           0 -1.09745935 2.785523616        2310           0
           0 -1.09919981 2.785353590        2315           0
           0 -1.03678563 2.790501335        2320           0
           0 -1.03901088 2.790620462        2325           0
           0 -1.03685411 2.790660149        2330           0
           0 -1.07553642 2.787683278        2335           0
           0 -1.09117870 2.786090391        2340           0
           0 -1.09397794 2.785909025        2345           0
           0 -1.09104214 2.786141407        2350           0
           0 -1.09687916 2.785636973        2355           0
           0 -1.09182734 2.786045049        2360           0
           0 -1.09073488 2.786169747        2365           0
           0 -1.09367073 2.785926027        2370           0
           0 -1.09237355 2.786016711        2375           0
           0 -1.08479355 2.786634534        2380           0
           0 -1.07734720 2.787314772        2385           0
           0 -1.07041062 2.787915698        2390           0
           0 -1.06801812 2.788131136        2395           0
           0 -1.06490741 2.788465651        2400           0
           0 -1.05714554 2.789026968        2405           0
           0 -1.03212890 2.791023125        2410           0
           0 -1.06176201 2.788669758        2415           0
           0 -1.04311834 2.790132726        2420           0
           0 -1.06278774 2.788800188        2425           0
           0 -1.05434092 2.789174385        2430           0
           0 -1.05652993 2.789066658        2435           0
           0 -1.06654829 2.788187825        2440           0
           0 -1.06849664 2.788136810        2445           0
           0 -1.05324633 2.789361516        2450           0
           0 -1.04599304 2.789854848        2455           0
           0 -1.03209466 2.791034469        2460           0
           0 -1.01619845 2.792429842        2465           0
           0 -1.00557079 2.793399954        2470           0
           0 -1.04527441 2.790059013        2475           0
           0 -1.05454615 2.789174387        2480           0
           0 -1.07075239 2.787853332        2485           0
           0 -1.07618559 2.787411143        2490           0
           0 -1.05902646 2.788879546        2495           0
           0 -1.04701962 2.789826500        2500           0
           0 -1.05772694 2.788953253        2505           0
           0 -1.05598270 2.789112020        2510           0
           0 -1.05741914 2.789021299        2515           0
           0 -1.05844511 2.788953259        2520           0
           0 -1.05273321 2.789395538        2525           0
           0 -1.05115958 2.789542972        2530           0
           0 -1.04893574 2.789752788        2535           0
           0 -1.04571928 2.790036331        2540           0
           0 -1.04154392 2.790353907        2545           0
           0 -1.04708805 2.789877542        2550           0
           0 -1.03414924 2.791006124        2555           0
           0 -1.03072481 2.791323747        2560           0
           0 -1.02592959 2.791749155        2565           0
           0 -1.01941986 2.792276691        2570           0
           0 -1.01157100 2.792963114        2575           0
           0 -1.01314788 2.792866674        2580           0
           0 -1.01369634 2.792770228        2585           0
           0 -1.02089331 2.792236990        2590           0
           0 -1.02055066 2.792202949        2595           0
           0 -1.00814254 2.793263799        2600           0
           0 -1.00882828 2.793229761        2605           0
           0 -0.97557591 2.796049959        2610           0
           0 -0.98096746 2.795590257        2615           0
