RawData/37-SM_03721530_2024_04_07_9.cnv
* Sea-Bird SBE37SM-RS232 Data File:
* FileName = D:\Ocean\Data\AGF 211 2024/37-SM_03721530_2024_04_07_9.hex
* Software version Fathom 1.0.2
* Temperature SN = 03721530
* Conductivity SN = 03721530
* Pressure SN = 11447521
* System UpLoad Time = Apr 07 2024 15:34:18
* sample interval = 300 seconds
# nquan = 5
# nvalues = 907
# units = specified
# name 0 = flag: 0.000e+00
# name 1 = t090C: Temperature [ITS-90, deg C]
# name 2 = c0S/m: Conductivity [S/m]
# name 3 = prdM: Pressure [db]
# name 4 = timeM: Elapsed Time [minutes]
# span 0 =           0,           0
# span 1 = -9.06587396344463, 11.367737858368173
# span 2 = 0.0001142580354748601, 2.806320695091434
# span 3 = -0.7806022514415025, 73.41570149581787
# span 4 =           0,        4530
# interval = seconds: 300
# start_time = unknown
# bad_flag = -9999999
*END*
[from data line 525]
           0 -1.19291933 2.776731084 73.39305362        2625
           0 -1.20884735 2.776053790 73.39086794        2630
           0 -1.21176723 2.775475703 73.39196078        2635
           0 -1.21190626 2.775353079 73.38994356        2640
           0 -1.20554458 2.775265432 73.39414645        2645
           0 -1.20147619 2.775685824 73.39414645        2650
           0 -1.20742202 2.776088816 73.39322206        2655
           0 -1.20509258 2.775609945 73.39103639        2660
           0 -1.20464057 2.775586583 73.39103639        2665
           0 -1.19883301 2.775837626 73.39103639        2670
           0 -1.20001553 2.776024508 73.39431490        2675
           0 -1.19608511 2.776152946 73.39086794        2680
           0 -1.18547248 2.777204093 73.39305362        2685
           0 -1.19003140 2.777087324 73.39305362        2690
           0 -1.18689943 2.777134018 73.39196078        2695
           0 -1.19298891 2.777069831 73.39523929        2700
           0 -1.19354557 2.776701889 73.39305362        2705
           0 -1.18655140 2.776736864 73.39414645        2710
           0 -1.19504151 2.776690222 73.39305362        2715
           0 -1.19660690 2.776374869 73.39414645        2720
           0 -1.19831129 2.776328165 73.39196078        2725
           0 -1.20116320 2.776065398 73.39414645        2730
           0 -1.20471011 2.775755929 73.39196078        2735
           0 -1.20418855 2.775773443 73.39414645        2740
           0 -1.20276287 2.775925260 73.39540773        2745
           0 -1.20335402 2.775855189 73.39305362        2750
           0 -1.20457103 2.775849361 73.39414645        2755
           0 -1.20394515 2.775808478 73.39523929        2760
           0 -1.20363220 2.775837672 73.39086794        2765
           0 -1.20189350 2.775942770 73.39322206        2770
           0 -1.20481442 2.775884401 73.39414645        2775
           0 -1.20182395 2.775919410 73.39305362        2780
           0 -1.20839543 2.775633335 73.39431490        2785
           0 -1.20568366 2.775621631 73.39742496        2790
           0 -1.21232334 2.775475708 73.39196078        2795
           0 -1.21228859 2.775195426 73.39523929        2800
           0 -1.20651809 2.775539886 73.39196078        2805
           0 -1.20794349 2.775592454 73.39322206        2810
           0 -1.20905593 2.775522392 73.39086794        2815
           0 -1.20978593 2.775358900 73.39759340        2820
           0 -1.21465191 2.775072828 73.39322206        2825
           0 -1.22007255 2.774634967 73.39431490        2830
           0 -1.22295599 2.774430645 73.39633212        2835
           0 -1.21764040 2.774337178 73.39523929        2840
           0 -1.21541645 2.774302127 73.39431490        2845
           0 -1.22444965 2.774524076 73.39759340        2850
           0 -1.22743663 2.774016165 73.39633212        2855
           0 -1.22958974 2.773992832 73.39431490        2860
           0 -1.23146484 2.773642568 73.39322206        2865
           0 -1.26005491 2.772959838 73.39414645        2870
           0 -1.26584411 2.771471515 73.38994356        2875
           0 -1.27180482 2.770421134 73.39666958        2880
           0 -1.27485378 2.769866824 73.39666958        2885
           0 -1.28597146 2.769324299 73.39212923        2890
           0 -1.27249781 2.769446699 73.39868624        2895
           0 -1.27942631 2.769540119 73.39885525        2900
           0 -1.27374512 2.769785125 73.39683916        2905
           0 -1.28233554 2.769184239 73.39885525        2910
           0 -1.28063854 2.769108377 73.39885525        2915
           0 -1.27357189 2.769312514 73.39776241        2920
           0 -1.28243943 2.769639338 73.39994808        2925
           0 -1.25478420 2.769598232 73.39994808        2930
           0 -1.24510592 2.771553028 73.39759340        2935
           0 -1.22476226 2.772877782 73.39994808        2940
           0 -1.22906885 2.773759306 73.40196474        2945
           0 -1.22316442 2.773911039 73.39977907        2950
           0 -1.21760565 2.774564882 73.40196474        2955
           0 -1.21329651 2.774903488 73.39977907        2960
           0 -1.22378968 2.774997011 73.40196474        2965
           0 -1.27405694 2.772779017 73.40196474        2970
           0 -1.27256711 2.770701246 73.40305758        2975
           0 -1.26702254 2.769884254 73.39666958        2980
           0 -1.19121446 2.772521398 73.40213375        2985
           0 -1.18898747 2.776176240 73.39977907        2990
           0 -1.18223533 2.777215745 73.39961063        2995
           0 -1.17196339 2.778372192 73.39868624        3000
           0 -1.15677180 2.779189916 73.40288914        3005
           0 -1.14686993 2.779896766 73.40490695        3010
           0 -1.14669556 2.780299926 73.40272127        3015
           0 -1.14892743 2.780212300 73.39725709        3020
           0 -1.15332066 2.779990311 73.40162844        3025
           0 -1.15691122 2.779867646 73.39944276        3030
           0 -1.15412250 2.779768293 73.39834993        3035
           0 -1.15945558 2.779721603 73.40036830        3040
           0 -1.15736435 2.779552148 73.39961063        3045
           0 -1.15969954 2.779522959 73.40272127        3050
           0 -1.17509778 2.778418957 73.40398198        3055
           0 -1.17126678 2.778144368 73.39944276        3060
           0 -1.17551566 2.778074312 73.40070347        3065
           0 -1.17979842 2.778115241 73.39851780        3070
           0 -1.16861947 2.778091770 73.39961063        3075
           0 -1.15715522 2.778932865 73.39961063        3080
           0 -1.20707436 2.778197282 73.40179630        3085
           0 -1.22965920 2.773625039 73.39961063        3090
           0 -1.22868685 2.774524116 73.39633212        3095
           0 -1.22573480 2.773613326 73.39961063        3100
           0 -1.18160873 2.776520730 73.39868624        3105
           0 -1.18759547 2.777280044 73.39961063        3110
           0 -1.19187555 2.777875864 73.40305758        3115
           0 -1.13675364 2.779990153 73.39961063        3120
           0 -1.10871433 2.783566569 73.39927546        3125
           0 -1.11402501 2.783712762 73.39834993        3130
           0 -1.15339039 2.782304441 73.40036830        3135
           0 -1.09777391 2.781982461 73.40036830        3140
           0 -1.12247718 2.783502398 73.39927546        3145
           0 -1.12813317 2.781380800 73.39944276        3150
           0 -1.16119810 2.779680721 73.39834993        3155
           0 -1.12509590 2.780375679 73.39507141        3160
           0 -1.16043141 2.780434448 73.39725709        3165
           0 -1.12966908 2.780515961 73.39834993        3170
           0 -1.08430836 2.785121440 73.39507141        3175
           0 -1.10424104 2.784805907 73.39599695        3180
           0 -1.09340301 2.784449168 73.39834993        3185
           0 -1.06568597 2.785881394 73.39583021        3190
           0 -1.06995810 2.787454568 73.39708979        3195
           0 -1.05535192 2.787629891 73.39708979        3200
           0 -1.04199705 2.789121364 73.39818262        3205
           0 -1.03519339 2.789957895 73.39784973        3210
           0 -0.97160041 2.793538738 73.39801589        3215
           0 -0.97339512 2.794756371 73.39784973        3220
           0 -0.95646191 2.796137972 73.39659130        3225
           0 -0.94959288 2.797514070 73.40003541        3230
           0 -0.97033345 2.796987198 73.39986982        3235
           0 -0.93683467 2.798000057 73.40096266        3240
           0 -0.93242725 2.799118771 73.39877698        3245
           0 -0.93087561 2.799810008 73.39894257        3250
           0 -0.92759558 2.799792401 73.39751911        3255
           0 -0.92043401 2.799270961 73.40205550        3260
           0 -0.91912842 2.800671121 73.40079764        3265
           0 -0.92671375 2.800641898 73.39970480        3270
           0 -0.91926957 2.800612532 73.40079764        3275
           0 -0.89660186 2.801303705 73.40298333        3280
           0 -0.89879211 2.803143835 73.39970480        3285
           0 -0.88310162 2.803085076 73.40298333        3290
           0 -0.88101567 2.803700475 73.40079764        3295
           0 -0.88472780 2.803682926 73.40079764        3300
           0 -0.88186422 2.804403881 73.40079764        3305
           0 -0.91605816 2.801315611 73.40189048        3310
           0 -0.96998150 2.800448970 73.40407617        3315
           0 -0.89483535 2.798538512 73.40314834        3320
           0 -0.86095782 2.803131750 73.39970480        3325
           0 -0.87532234 2.804562092 73.40172603        3330
           0 -0.93782179 2.799786642 73.40189048        3335
           0 -0.89575396 2.801907250 73.40189048        3340
           0 -0.87150228 2.804181032 73.40298333        3345
           0 -0.87380148 2.804978293 73.40063319        3350
           0 -0.88207635 2.804538708 73.40189048        3355
           0 -0.86003757 2.805540970 73.40281888        3360
           0 -0.85278015 2.806320695 73.40281888        3365
           0 -0.87019338 2.805288971 73.40281888        3370
           0 -0.87249274 2.805077942 73.40281888        3375
           0 -0.98795779 2.799546936 73.40407617        3380
           0 -1.07667955 2.789782776 73.40549961        3385
           0 -1.00767379 2.790607083 73.40238725        3390
           0 -1.11451408 2.782578776 73.40364682        3395
           0 -1.15610950 2.784297764 73.40364682        3400
           0 -1.19340641 2.778775479 73.40490695        3405
           0 -1.21242761 2.773630715 73.40524325        3410
           0 -1.30742677 2.768379375 73.40322658        3415
           0 -1.32053047 2.766157166 73.40448899        3420
           0 -1.30327599 2.767469323 73.40121049        3425
           0 -1.31334010 2.767107779 73.40448899        3430
           0 -1.31697019 2.766810348 73.40339616        3435
           0 -1.29722117 2.767375938 73.40322658        3440
           0 -1.29836308 2.766985149 73.40322658        3445
           0 -1.31060844 2.766162904 73.40448899        3450
           0 -1.31786896 2.765544803 73.40448899        3455
           0 -1.35592477 2.764029116 73.40448899        3460
           0 -1.36361661 2.763014775 73.40138064        3465
           0 -1.36599597 2.762006352 73.40247347        3470
           0 -1.40860244 2.759133725 73.40465913        3475
           0 -1.41448487 2.757683119 73.40281546        3480
           0 -1.41874938 2.757630731 73.40264418        3485
           0 -1.38781038 2.758113958 73.40373701        3490
           0 -1.39604038 2.759331711 73.40247347        3495
           0 -1.38147192 2.759628740 73.40482984        3500
           0 -1.37930121 2.759669507 73.40264418        3505
           0 -1.39094439 2.760147441 73.40138064        3510
           0 -1.38836145 2.759990082 73.40592267        3515
           0 -1.42418181 2.758015264 73.40264418        3520
           0 -1.42370052 2.756879347 73.40465913        3525
           0 -1.42284104 2.756867689 73.40373701        3530
           0 -1.42593499 2.756698803 73.40373701        3535
           0 -1.42507561 2.756564830 73.40482984        3540
           0 -1.42744741 2.756529906 73.40718678        3545
           0 -1.43425184 2.756489199 73.40701550        3550
           0 -1.42964709 2.756110575 73.40390829        3555
           0 -1.42834106 2.756162981 73.40390829        3560
           0 -1.43012823 2.756273658 73.40373701        3565
           0 -1.43102175 2.756157182 73.40390829        3570
           0 -1.43057500 2.756163001 73.40172263        3575
           0 -1.42720681 2.756360995 73.40482984        3580
           0 -1.43139977 2.756227076 73.40373701        3585
           0 -1.43177778 2.755994114 73.40500112        3590
           0 -1.43181214 2.756017410 73.40373701        3595
           0 -1.43229324 2.756052359 73.40500112        3600
           0 -1.43170905 2.756023233 73.40482984        3605
           0 -1.43277431 2.755994123 73.40373701        3610
           0 -1.43311794 2.755970830 73.40482984        3615
           0 -1.43215578 2.756069830 73.40281546        3620
           0 -1.42590062 2.756110539 73.40155135        3625
           0 -1.43177778 2.756541595 73.40500112        3630
           0 -1.39173643 2.758271291 73.40373701        3635
           0 -1.39280390 2.758999568 73.40592267        3640
           0 -1.38316009 2.758853817 73.40373701        3645
           0 -1.37533817 2.759745221 73.40373701        3650
           0 -1.40640037 2.759471651 73.40465913        3655
           0 -1.40911852 2.758655971 73.40575196        3660
           0 -1.36775444 2.758655580 73.40356630        3665
           0 -1.34691833 2.763201167 73.40592267        3670
           0 -1.35085269 2.761738090 73.40465913        3675
           0 -1.35778765 2.761825585 73.40482984        3680
           0 -1.39263173 2.760479623 73.40575196        3685
           0 -1.39820921 2.759372519 73.40793763        3690
           0 -1.39073777 2.758993722 73.40575196        3695
           0 -1.37671671 2.759541292 73.40701550        3700
           0 -1.38636374 2.760001718 73.40592267        3705
           0 -1.38956687 2.759733701 73.40465913        3710
           0 -1.39531738 2.759448239 73.40465913        3715
           0 -1.39311380 2.759232631 73.40482984        3720
           0 -1.38519257 2.759611294 73.40356630        3725
           0 -1.39738302 2.759384164 73.40592267        3730
           0 -1.39858787 2.759046234 73.40592267        3735
           0 -1.38519257 2.759518064 73.40373701        3740
           0 -1.39455993 2.759657998 73.40247347        3745
           0 -1.33134556 2.760426596 73.40575196        3750
           0 -1.39817479 2.759885287 73.40684479        3755
           0 -1.37744041 2.759500511 73.40356630        3760
           0 -1.36127144 2.759733434 73.40465913        3765
           0 -1.37382167 2.760566858 73.40138064        3770
           0 -1.40853363 2.759763016 73.40575196        3775
           0 -1.39845018 2.758650044 73.40356630        3780
           0 -1.33075832 2.762647211 73.40247347        3785
           0 -1.38980794 2.760654425 73.40356630        3790
           0 -1.34398429 2.759203033 73.40465913        3795
           0 -1.32547230 2.763340877 73.40356630        3800
           0 -1.33017105 2.763690719 73.40356630        3805
           0 -1.33991041 2.764011474 73.40448899        3810
           0 -1.31925161 2.764675967 73.40339616        3815
           0 -1.35833958 2.764565551 73.40339616        3820
           0 -1.38374574 2.762262991 73.40448899        3825
           0 -1.35257804 2.761062023 73.40138064        3830
           0 -1.36323726 2.762968135 73.40138064        3835
           0 -1.38502034 2.761365395 73.40575196        3840
           0 -1.34898915 2.760374314 73.40356630        3845
           0 -1.40147921 2.759955242 73.40247347        3850
           0 -1.41231787 2.758487044 73.40028780        3855
           0 -1.40966898 2.758283111 73.40138064        3860
           0 -1.39590267 2.758422803 73.40045852        3865
           0 -1.40034338 2.758539365 73.40045852        3870
           0 -1.39486980 2.759057850 73.40028780        3875
           0 -1.38884363 2.759873543 73.40247347        3880
           0 -1.39480094 2.759337525 73.40138064        3885
           0 -1.39955170 2.758859798 73.40264418        3890
           0 -1.39738302 2.758877256 73.40045852        3895
           0 -1.39476651 2.759384139 73.40155135        3900
           0 -1.39311380 2.759500658 73.39936569        3905
           0 -1.38708708 2.759535562 73.39936569        3910
           0 -1.37485566 2.760228872 73.40138064        3915
           0 -1.38216099 2.760718457 73.40138064        3920
           0 -1.37992144 2.760957378 73.40028780        3925
