RawData/37-SM_03710967_2024_04_07_14.cnv
* Sea-Bird SBE37SM-RS232 Data File:
* FileName = D:\Ocean\Data\AGF 211 2024/37-SM_03710967_2024_04_07_14.hex
* Software version Fathom 1.0.2
* Temperature SN = 03710967
* Conductivity SN = 03710967
* System UpLoad Time = Apr 07 2024 15:39:13
* sample interval = 300 seconds
* <ApplicationData>
# nquan = 5
# nvalues = 908
# units = specified
# name 0 = flag: 0.000e+00
# name 1 = t090C: Temperature [ITS-90, deg C]
# name 2 = c0S/m: Conductivity [S/m]
# name 3 = timeM: Elapsed Time [minutes]
# name 4 = prdM: Pressure [db]
# span 0 =           0,           0
# span 1 = -8.25968336048885, 9.75843729933274
# span 2 = -0.000016931919082563762, 2.8056477687885945
# span 3 =           0,        4535
# span 4 =           0,           0
# interval = seconds: 300
# start_time = unknown
# bad_flag = -9999999
*END*
[from data line 525]
           0 -0.98968689 2.794846847        2625           0
           0 -0.97760221 2.795828613        2630           0
           0 -0.97062946 2.796441578        2635           0
           0 -0.96306992 2.797128387        2640           0
           0 -0.93834317 2.799200534        2645           0
           0 -0.93576205 2.799524192        2650           0
           0 -0.95492289 2.798008288        2655           0
           0 -0.93462624 2.799615042        2660           0
           0 -0.92326451 2.800517929        2665           0
           0 -0.95440714 2.798087770        2670           0
           0 -0.90148627 2.802431973        2675           0
           0 -0.90310671 2.802341092        2680           0
           0 -0.91068990 2.801727648        2685           0
           0 -0.91906241 2.801085861        2690           0
           0 -0.91292982 2.801642461        2695           0
           0 -0.91809786 2.801165372        2700           0
           0 -0.95605750 2.797741458        2705           0
           0 -0.98930936 2.794948997        2710           0
           0 -0.92174910 2.800620147        2715           0
           0 -0.94549966 2.798967778        2720           0
           0 -1.03045083 2.790881307        2725           0
           0 -1.01664400 2.791941959        2730           0
           0 -1.08383730 2.786577838        2735           0
           0 -1.08906193 2.786118717        2740           0
           0 -1.09042762 2.785999691        2745           0
           0 -1.10489788 2.784769864        2750           0
           0 -1.13530443 2.781999231        2755           0
           0 -1.15617249 2.780220687        2760           0
           0 -1.14511151 2.781177877        2765           0
           0 -1.14259211 2.781398785        2770           0
           0 -1.14184304 2.781523408        2775           0
           0 -1.13431664 2.782157854        2780           0
           0 -1.12170926 2.783290936        2785           0
           0 -1.12780954 2.782781031        2790           0
           0 -1.12436772 2.783103970        2795           0
           0 -1.11659580 2.783749883        2800           0
           0 -1.12208419 2.783279606        2805           0
           0 -1.12239095 2.783319273        2810           0
           0 -1.11618666 2.783789547        2815           0
           0 -1.10503434 2.784764197        2820           0
           0 -1.10298734 2.784905869        2825           0
           0 -1.11393626 2.783999200        2830           0
           0 -1.10957108 2.784282515        2835           0
           0 -1.12160700 2.783330599        2840           0
           0 -1.12314078 2.783200286        2845           0
           0 -1.13193210 2.782486440        2850           0
           0 -1.12995611 2.782520419        2855           0
           0 -1.13060343 2.782395779        2860           0
           0 -1.13411226 2.782055875        2865           0
           0 -1.14099178 2.781500741        2870           0
           0 -1.13928916 2.781625358        2875           0
           0 -1.13700741 2.782033236        2880           0
           0 -1.12324303 2.783069964        2885           0
           0 -1.11274275 2.783698853        2890           0
           0 -1.11073068 2.783959507        2895           0
           0 -1.08991550 2.786073376        2900           0
           0 -1.10435203 2.784809532        2905           0
           0 -1.10970751 2.784327853        2910           0
           0 -1.08906193 2.786011017        2915           0
           0 -1.09571872 2.785699313        2920           0
           0 -1.08704737 2.786373788        2925           0
           0 -1.08786688 2.786441818        2930           0
           0 -1.08738884 2.786385128        2935           0
           0 -1.08305177 2.786934977        2940           0
           0 -1.08271023 2.786844269        2945           0
           0 -1.09517261 2.785381898        2950           0
           0 -1.09851730 2.785523624        2955           0
           0 -1.09329524 2.785971371        2960           0
           0 -1.09312456 2.785937360        2965           0
           0 -1.09278319 2.785840996        2970           0
           0 -1.09585525 2.785636965        2975           0
           0 -1.09742522 2.785444263        2980           0
           0 -1.09367073 2.785806993        2985           0
           0 -1.11482281 2.783936872        2990           0
           0 -1.11819816 2.783540231        2995           0
           0 -1.11983448 2.783398582        3000           0
           0 -1.11775497 2.783574227        3005           0
           0 -1.11212892 2.784072856        3010           0
           0 -1.11710720 2.783659220        3015           0
           0 -1.10841142 2.784401516        3020           0
           0 -1.11673217 2.783795218        3025           0
           0 -1.11212892 2.784112524        3030           0
           0 -1.10762690 2.784452514        3035           0
           0 -1.11035552 2.784220183        3040           0
           0 -1.10844553 2.784452521        3045           0
           0 -1.10745635 2.784531854        3050           0
           0 -1.10888894 2.784531866        3055           0
           0 -1.10841142 2.784480857        3060           0
           0 -1.10032591 2.785160893        3065           0
           0 -1.09493368 2.785631289        3070           0
           0 -1.08752542 2.786294430        3075           0
           0 -1.09930219 2.785302580        3080           0
           0 -1.09831254 2.785313908        3085           0
           0 -1.08773030 2.786243414        3090           0
           0 -1.07898701 2.787025651        3095           0
           0 -1.08585219 2.786504159        3100           0
           0 -1.09530914 2.785619956        3105           0
           0 -1.10588720 2.784843549        3110           0
           0 -1.09995055 2.785296917        3115           0
           0 -1.10152019 2.785126896        3120           0
           0 -1.13111447 2.782384452        3125           0
           0 -1.08195881 2.786753559        3130           0
           0 -1.15416497 2.780367937        3135           0
           0 -1.17202111 2.778753982        3140           0
           0 -1.15304203 2.780418905        3145           0
           0 -1.12446996 2.783030311        3150           0
           0 -1.13438476 2.782106866        3155           0
           0 -1.13305627 2.782254158        3160           0
           0 -1.12981982 2.782520418        3165           0
           0 -1.09390967 2.785772985        3170           0
           0 -1.10042828 2.785200568        3175           0
           0 -1.08175388 2.787031342        3180           0
           0 -1.10377205 2.784951216        3185           0
           0 -1.02986861 2.791289706        3190           0
           0 -1.04034590 2.790575098        3195           0
           0 -1.04558240 2.790132745        3200           0
           0 -1.04831987 2.789900237        3205           0
           0 -1.05516183 2.789293480        3210           0
           0 -1.06952201 2.788040428        3215           0
           0 -1.07830378 2.787235408        3220           0
           0 -1.09571872 2.785682309        3225           0
           0 -1.11819816 2.783732895        3230           0
           0 -1.13315847 2.782305149        3235           0
           0 -1.14405612 2.781336483        3240           0
           0 -1.16828120 2.779167354        3245           0
           0 -1.18378006 2.777712177        3250           0
           0 -1.19067575 2.777100752        3255           0
           0 -1.16022091 2.779801595        3260           0
           0 -1.14919630 2.780775725        3265           0
           0 -1.13622406 2.782265514        3270           0
           0 -1.09281733 2.785880674        3275           0
           0 -1.09588938 2.785608624        3280           0
           0 -1.09609416 2.785614294        3285           0
           0 -1.08827662 2.786288767        3290           0
           0 -1.09025691 2.786124395        3295           0
           0 -1.12337936 2.783228620        3300           0
           0 -1.17276900 2.778799291        3305           0
           0 -1.18503710 2.777683877        3310           0
           0 -1.21796238 2.774734786        3315           0
           0 -1.21748757 2.774695164        3320           0
           0 -1.14490724 2.781047588        3325           0
           0 -1.09892681 2.785234563        3330           0
           0 -1.10131546 2.785183572        3335           0
           0 -1.10370382 2.784985221        3340           0
           0 -1.10384029 2.784962552        3345           0
           0 -1.10155431 2.785155235        3350           0
           0 -1.12545827 2.782956659        3355           0
           0 -1.13448695 2.782146525        3360           0
           0 -1.12089120 2.783415590        3365           0
           0 -1.15596834 2.780401936        3370           0
           0 -1.15603639 2.780390608        3375           0
           0 -1.15042157 2.780928675        3380           0
           0 -1.17195312 2.778969174        3385           0
           0 -1.17735771 2.778601127        3390           0
           0 -1.17688190 2.778589798        3395           0
           0 -1.28246069 2.769269924        3400           0
           0 -1.32877884 2.765210644        3405           0
           0 -1.30850311 2.767477504        3410           0
           0 -1.31272196 2.766623790        3415           0
           0 -1.32952063 2.765131515        3420           0
           0 -1.32449607 2.765651522        3425           0
           0 -1.34155399 2.764069017        3430           0
           0 -1.33201556 2.764865872        3435           0
           0 -1.31356562 2.766618143        3440           0
           0 -1.29030079 2.768506512        3445           0
           0 -1.24544727 2.772511028        3450           0
           0 -1.23335335 2.773591712        3455           0
           0 -1.20938010 2.775679968        3460           0
           0 -1.22023451 2.774729144        3465           0
           0 -1.21355299 2.775295094        3470           0
           0 -1.20076004 2.776381840        3475           0
           0 -1.20184624 2.776359204        3480           0
           0 -1.21843718 2.774944206        3485           0
           0 -1.24527794 2.772471420        3490           0
           0 -1.24388938 2.772618521        3495           0
           0 -1.21962412 2.774615944        3500           0
           0 -1.26027476 2.771125034        3505           0
           0 -1.22454065 2.774214153        3510           0
           0 -1.21650400 2.774938531        3515           0
           0 -1.20758175 2.775753541        3520           0
           0 -1.21667359 2.774978152        3525           0
           0 -1.20639406 2.775923352        3530           0
           0 -1.21480808 2.775125299        3535           0
           0 -1.22125180 2.774689534        3540           0
           0 -1.22562551 2.774287734        3545           0
           0 -1.23291281 2.773529461        3550           0
           0 -1.24365229 2.772629835        3555           0
           0 -1.25188069 2.771900026        3560           0
           0 -1.22471017 2.774412237        3565           0
           0 -1.22542210 2.774349987        3570           0
           0 -1.22565941 2.774327351        3575           0
           0 -1.22165870 2.774615960        3580           0
           0 -1.26041011 2.771198578        3585           0
           0 -1.25269318 2.771854772        3590           0
           0 -1.22850687 2.773953856        3595           0
           0 -1.23769042 2.773229583        3600           0
           0 -1.22735438 2.774050054        3605           0
           0 -1.24920600 2.772222499        3610           0
           0 -1.24524407 2.772522342        3615           0
           0 -1.24910443 2.772188551        3620           0
           0 -1.26342158 2.770898780        3625           0
           0 -1.26240653 2.771074138        3630           0
           0 -1.24510861 2.772273388        3635           0
           0 -1.28178467 2.769303852        3640           0
           0 -1.28327188 2.768896667        3645           0
           0 -1.28110862 2.769366060        3650           0
           0 -1.26057931 2.771074123        3655           0
           0 -1.29935346 2.767884552        3660           0
           0 -1.28996292 2.768585681        3665           0
           0 -1.22433723 2.774231130        3670           0
           0 -1.25529969 2.771696381        3675           0
           0 -1.29215896 2.768280328        3680           0
           0 -1.29509788 2.768014576        3685           0
           0 -1.28482657 2.769162486        3690           0
           0 -1.25408111 2.771679399        3695           0
           0 -1.31322816 2.766324158        3700           0
           0 -1.29830654 2.767833653        3705           0
           0 -1.30137959 2.767607498        3710           0
           0 -1.29648274 2.767969349        3715           0
           0 -1.28273109 2.769185092        3720           0
           0 -1.27803232 2.769518742        3725           0
           0 -1.26064699 2.771057153        3730           0
           0 -1.27076217 2.769643114        3735           0
           0 -1.26294790 2.770847864        3740           0
           0 -1.27123565 2.770225702        3745           0
           0 -1.29442231 2.768116355        3750           0
           0 -1.29428719 2.768365168        3755           0
           0 -1.28891549 2.768777949        3760           0
           0 -1.29347646 2.768246409        3765           0
           0 -1.29101029 2.768382107        3770           0
           0 -1.26748124 2.770463244        3775           0
           0 -1.28587423 2.768992829        3780           0
           0 -1.28459000 2.769015441        3785           0
           0 -1.29046972 2.768444308        3790           0
           0 -1.27553035 2.769778895        3795           0
           0 -1.27738995 2.769597919        3800           0
           0 -1.28398165 2.768941915        3805           0
           0 -1.29530055 2.768065469        3810           0
           0 -1.29590854 2.767912798        3815           0
           0 -1.28320429 2.769281241        3820           0
           0 -1.29046972 2.768483893        3825           0
           0 -1.29590854 2.768981597        3830           0
           0 -1.27505696 2.769880701        3835           0
           0 -1.28279869 2.769151159        3840           0
           0 -1.29090894 2.768489552        3845           0
           0 -1.28398165 2.769122890        3850           0
           0 -1.25401340 2.771815179        3855           0
           0 -1.25418266 2.771854783        3860           0
           0 -1.24470220 2.772703400        3865           0
           0 -1.25909033 2.771402226        3870           0
           0 -1.27079599 2.770338827        3875           0
           0 -1.27722091 2.769648821        3880           0
           0 -1.25103431 2.772098040        3885           0
           0 -1.25160985 2.772143307        3890           0
           0 -1.25340408 2.771939642        3895           0
           0 -1.28144665 2.769422620        3900           0
           0 -1.28492796 2.769055032        3905           0
           0 -1.29587477 2.767963690        3910           0
           0 -1.28137905 2.769422619        3915           0
           0 -1.26318474 2.770944033        3920           0
           0 -1.26443658 2.771011926        3925           0
