RawData/37-SM_03720169_2024_04_07_1.cnv
* Sea-Bird SBE37SMP-RS232 Data File:
* FileName = D:\Ocean\Data\AGF 211 2024/37-SM_03720169_2024_04_07_1.hex
* Software version Fathom 1.0.2
* Temperature SN = 03720169
* Conductivity SN = 03720169
* Pressure SN = 10771520
* System UpLoad Time = Apr 07 2024 15:25:54
* sample interval = 300 seconds
# nquan = 5
# nvalues = 905
# units = specified
# name 0 = flag: 0.000e+00
# name 1 = t090C: Temperature [ITS-90, deg C]
# name 2 = c0S/m: Conductivity [S/m]
# name 3 = prdM: Pressure [db]
# name 4 = timeM: Elapsed Time [minutes]
# span 0 =           0,           0
# span 1 = -10.112135984298447, 10.086076454256385
# span 2 = 0.00005025819617946813, 2.7283154724666634
# span 3 = -0.1585046578539782, 1.2336560776858172
# span 4 =           0,        4520
# interval = seconds: 300
# start_time = unknown
# bad_flag = -9999999
*END*
[from data line 263]
           0 -1.74883255 2.475586352 1.216853363        1315
           0 -1.74921483 2.475275845 1.222611150        1320
           0 -1.75140414 2.474758372 1.219950432        1325
           0 -1.74201965 2.477894876 1.219950432        1330
           0 -1.74028128 2.475782955 1.219950432        1335
           0 -1.74594778 2.476207395 1.213756294        1340
           0 -1.74730333 2.478547253 1.219950432        1345
           0 -1.74966661 2.478940774 1.219514080        1350
           0 -1.75526089 2.477579180 1.219950432        1355
           0 -1.74542640 2.476471362 1.219514080        1360
           0 -1.74052466 2.478231383 1.225708219        1365
           0 -1.74205441 2.480613360 1.216853363        1370
           0 -1.74379262 2.486048381 1.219950432        1375
           0 -1.74730333 2.485934377 1.216853363        1380
           0 -1.74188058 2.487712367 1.219514080        1385
           0 -1.74459215 2.489620519 1.213756294        1390
           0 -1.74751187 2.485804804 1.223047501        1395
           0 -1.74233254 2.488044181 1.216417011        1400
           0 -1.74643440 2.488272341 1.216853363        1405
           0 -1.74695576 2.487966444 1.210659225        1410
           0 -1.74497452 2.487904216 1.216853363        1415
           0 -1.74865878 2.482110328 1.219950432        1420
           0 -1.74577399 2.485177676 1.216853363        1425
           0 -1.74650392 2.491669251 1.210659225        1430
           0 -1.74612158 2.485017021 1.210659225        1435
           0 -1.74396643 2.493443553 1.216853363        1440
           0 -1.75282879 2.492042801 1.213756294        1445
           0 -1.75230759 2.491607046 1.216853363        1450
           0 -1.74535688 2.491067531 1.210659225        1455
           0 -1.74330594 2.492826117 1.219514080        1460
           0 -1.74493975 2.493941698 1.222611150        1465
           0 -1.74622585 2.492841703 1.216853363        1470
           0 -1.75251607 2.496666572 1.223047501        1475
           0 -1.74921483 2.493355383 1.213319942        1480
           0 -1.75091765 2.496858633 1.210659225        1485
           0 -1.75251607 2.496874220 1.217290326        1490
           0 -1.75109140 2.497632182 1.213756294        1495
           0 -1.74539164 2.493298281 1.219950432        1500
           0 -1.74542640 2.493594039 1.216417011        1505
           0 -1.74608682 2.498421356 1.213756294        1510
           0 -1.74601730 2.498899079 1.211096188        1515
           0 -1.75011839 2.496323945 1.213319942        1520
           0 -1.75526089 2.496562769 1.216853363        1525
           0 -1.75032689 2.496682128 1.216853363        1530
           0 -1.75011839 2.497673711 1.217290326        1535
           0 -1.74629537 2.498873119 1.219514080        1540
           0 -1.74984037 2.497299900 1.213756294        1545
           0 -1.74657343 2.498509633 1.216417011        1550
           0 -1.74893681 2.496843045 1.210659225        1555
           0 -1.74956236 2.498265610 1.216417011        1560
           0 -1.75418386 2.499735234 1.207562156        1565
           0 -1.75015314 2.500758393 1.213756294        1570
           0 -1.75046589 2.498359079 1.213756294        1575
           0 -1.75091765 2.501864857 1.217290326        1580
           0 -1.74792893 2.499522261 1.213756294        1585
           0 -1.74862402 2.502088231 1.213756294        1590
           0 -1.75446181 2.497803538 1.204465087        1595
           0 -1.75592098 2.497351861 1.210659225        1600
           0 -1.74963186 2.503262459 1.216853363        1605
           0 -1.74747711 2.501288204 1.213756294        1610
           0 -1.74994463 2.500597371 1.210659225        1615
           0 -1.75220335 2.496313578 1.213319942        1620
           0 -1.74827648 2.497232400 1.219514080        1625
           0 -1.74466167 2.501802470 1.213756294        1630
           0 -1.74674722 2.501267420 1.210222872        1635
           0 -1.75043114 2.501973950 1.213756294        1640
           0 -1.74754662 2.499527452 1.213756294        1645
           0 -1.74719906 2.501776514 1.213319942        1650
           0 -1.74893681 2.501657044 1.216417011        1655
           0 -1.74521784 2.501199879 1.210659225        1660
           0 -1.74368833 2.498535574 1.213756294        1665
           0 -1.74796369 2.500576580 1.210659225        1670
           0 -1.74500928 2.496344672 1.216417011        1675
           0 -1.74323641 2.499480679 1.207562156        1680
           0 -1.74598254 2.499781917 1.213756294        1685
           0 -1.74945810 2.499418408 1.219514080        1690
           0 -1.75341947 2.502581830 1.216853363        1695
           0 -1.75654630 2.500742857 1.216853363        1700
           0 -1.74535688 2.500316863 1.216853363        1705
           0 -1.74528736 2.502888317 1.213756294        1710
           0 -1.74758138 2.499350883 1.216853363        1715
           0 -1.74931909 2.498857559 1.207562156        1720
           0 -1.74865878 2.498462917 1.223047501        1725
           0 -1.75307202 2.497704882 1.210222872        1730
           0 -1.74883255 2.499335311 1.210659225        1735
           0 -1.74751187 2.500612939 1.223047501        1740
           0 -1.74570447 2.499828657 1.216417011        1745
           0 -1.74570447 2.498732908 1.210222872        1750
           0 -1.74587827 2.497845016 1.223047501        1755
           0 -1.74883255 2.502218114 1.213319942        1760
           0 -1.75015314 2.499849463 1.214193257        1765
           0 -1.74490499 2.501241435 1.216853363        1770
           0 -1.75220335 2.501147984 1.207562156        1775
           0 -1.74452262 2.500737576 1.219514080        1780
           0 -1.74400120 2.501158314 1.210222872        1785
           0 -1.74480071 2.499600138 1.213756294        1790
           0 -1.74838074 2.500000062 1.204465087        1795
           0 -1.74803320 2.498738118 1.213756294        1800
           0 -1.74685149 2.500015633 1.207562156        1805
           0 -1.75025739 2.498655052 1.216853363        1810
           0 -1.74205441 2.502207675 1.219514080        1815
           0 -1.74327118 2.499044460 1.213756294        1820
           0 -1.74135909 2.501771276 1.213756294        1825
           0 -1.74344499 2.499522229 1.216853363        1830
           0 -1.74271495 2.498997718 1.207562156        1835
           0 -1.74309736 2.501319340 1.213756294        1840
           0 -1.74434882 2.500062360 1.216853363        1845
           0 -1.74420977 2.499293732 1.210659225        1850
           0 -1.74379262 2.499174289 1.216853363        1855
           0 -1.74379262 2.502857131 1.210659225        1860
           0 -1.74323641 2.500150645 1.216853363        1865
           0 -1.74709479 2.502114196 1.213756294        1870
           0 -1.74737284 2.505419160 1.210659225        1875
           0 -1.74414025 2.504005501 1.213319942        1880
           0 -1.74869353 2.504520023 1.213756294        1885
           0 -1.74535688 2.503569005 1.219514080        1890
           0 -1.74539164 2.501449222 1.204465087        1895
           0 -1.74591303 2.503782061 1.213756294        1900
           0 -1.74587827 2.505590677 1.213756294        1905
           0 -1.74681673 2.504753879 1.210659225        1910
           0 -1.74973612 2.505429573 1.210659225        1915
           0 -1.75216860 2.504182249 1.216853363        1920
           0 -1.74799844 2.504811058 1.213756294        1925
           0 -1.74848501 2.503314410 1.210659225        1930
           0 -1.74646916 2.504717498 1.216853363        1935
           0 -1.74737284 2.507041041 1.219514080        1940
           0 -1.74761613 2.510041476 1.207562156        1945
           0 -1.74758138 2.507670142 1.216853363        1950
           0 -1.74810271 2.508767308 1.216853363        1955
           0 -1.75258557 2.508907747 1.210659225        1960
           0 -1.74789418 2.508330501 1.219950432        1965
           0 -1.74959711 2.506027337 1.213756294        1970
           0 -1.75154313 2.502805231 1.216853363        1975
           0 -1.74938859 2.508970128 1.213756294        1980
           0 -1.74942335 2.512626963 1.219950432        1985
           0 -1.75032689 2.510691677 1.219950432        1990
           0 -1.74990988 2.509838649 1.207562156        1995
           0 -1.74695576 2.511497957 1.213756294        2000
           0 -1.74772040 2.512429236 1.223047501        2005
           0 -1.75289829 2.515812031 1.219950432        2010
           0 -1.74862402 2.512273152 1.210659225        2015
           0 -1.75387116 2.514974001 1.216853363        2020
           0 -1.75519141 2.513636483 1.213756294        2025
           0 -1.75289829 2.514000748 1.213756294        2030
           0 -1.74712955 2.515598565 1.216853363        2035
           0 -1.75237709 2.514380658 1.216853363        2040
           0 -1.75025739 2.515749544 1.213756294        2045
           0 -1.75116089 2.514890703 1.216417011        2050
           0 -1.74723382 2.517707050 1.207562156        2055
           0 -1.74872828 2.521368499 1.226144570        2060
           0 -1.74855452 2.516780292 1.222611150        2065
           0 -1.75011839 2.518326725 1.213319942        2070
           0 -1.74156769 2.521040242 1.213756294        2075
           0 -1.75348896 2.516884452 1.216417011        2080
           0 -1.75088290 2.522660628 1.204028733        2085
           0 -1.75119564 2.517191614 1.213756294        2090
           0 -1.75519141 2.521097646 1.213319942        2095
           0 -1.74695576 2.518925576 1.207125803        2100
           0 -1.75154313 2.522353215 1.216417011        2105
           0 -1.74455738 2.521269484 1.219950432        2110
           0 -1.75109140 2.523692413 1.210659225        2115
           0 -1.75091765 2.520248526 1.222611150        2120
           0 -1.75911687 2.523614303 1.216417011        2125
           0 -1.75143889 2.524088495 1.216853363        2130
           0 -1.75348896 2.523900889 1.204465087        2135
           0 -1.75216860 2.524411632 1.207562156        2140
           0 -1.74525260 2.522144755 1.213319942        2145
           0 -1.75157788 2.523853974 1.216853363        2150
           0 -1.74643440 2.524171847 1.219950432        2155
           0 -1.74615634 2.522921133 1.216853363        2160
           0 -1.74601730 2.523749705 1.225708219        2165
           0 -1.74580875 2.527794961 1.216853363        2170
           0 -1.74918008 2.526011863 1.216853363        2175
           0 -1.75025739 2.524468952 1.219950432        2180
           0 -1.75303727 2.525532299 1.219950432        2185
           0 -1.75268981 2.525172624 1.219514080        2190
           0 -1.74865878 2.528243440 1.210659225        2195
           0 -1.74191535 2.525490514 1.213756294        2200
           0 -1.74514832 2.530350516 1.213319942        2205
           0 -1.74511356 2.529484651 1.219514080        2210
           0 -1.75428809 2.527534302 1.207562156        2215
           0 -1.75324575 2.528785835 1.213319942        2220
           0 -1.75189062 2.527138011 1.210659225        2225
           0 -1.75480924 2.528931876 1.219950432        2230
           0 -1.75546934 2.527190178 1.213756294        2235
           0 -1.75449655 2.528911013 1.223047501        2240
           0 -1.75001413 2.529406452 1.219950432        2245
           0 -1.75418386 2.530319286 1.219950432        2250
           0 -1.75307202 2.532030454 1.216853363        2255
           0 -1.75800532 2.529406510 1.216853363        2260
           0 -1.75616416 2.528655477 1.210659225        2265
           0 -1.76259007 2.526705342 1.207562156        2270
           0 -1.75793584 2.529912448 1.213756294        2275
           0 -1.75755373 2.529990686 1.210659225        2280
           0 -1.75883899 2.527883703 1.213319942        2285
           0 -1.76074935 2.528092301 1.210659225        2290
           0 -1.76186075 2.533074124 1.213756294        2295
           0 -1.76269426 2.529328309 1.213756294        2300
           0 -1.75897793 2.531477449 1.216853363        2305
           0 -1.75859584 2.536211075 1.213756294        2310
           0 -1.75908214 2.530861844 1.216853363        2315
           0 -1.75654630 2.536419894 1.213756294        2320
           0 -1.76043676 2.530721001 1.207562156        2325
           0 -1.76297209 2.534968677 1.216853363        2330
           0 -1.75960316 2.535955271 1.216853363        2335
           0 -1.75744951 2.535495860 1.219950432        2340
           0 -1.75901267 2.532004407 1.204902051        2345
           0 -1.76165237 2.530423667 1.210659225        2350
           0 -1.75974209 2.535772553 1.214193257        2355
           0 -1.76036730 2.532614908 1.216853363        2360
           0 -1.76074935 2.530522775 1.216853363        2365
           0 -1.75630312 2.529213520 1.216853363        2370
           0 -1.75814426 2.529662085 1.223047501        2375
           0 -1.75463552 2.536592173 1.216853363        2380
           0 -1.75341947 2.533903840 1.213756294        2385
           0 -1.75925581 2.529636013 1.219514080        2390
           0 -1.75658104 2.532980155 1.216853363        2395
           0 -1.75557357 2.534639780 1.216853363        2400
           0 -1.75491347 2.532223520 1.207562156        2405
           0 -1.75571253 2.534916425 1.216853363        2410
           0 -1.75182112 2.533496756 1.219950432        2415
           0 -1.75585149 2.531211352 1.213756294        2420
           0 -1.75383641 2.530522724 1.216853363        2425
           0 -1.75710213 2.531785258 1.213756294        2430
           0 -1.75751899 2.537537265 1.207562156        2435
           0 -1.75838742 2.531503531 1.216853363        2440
           0 -1.76026310 2.535793439 1.213756294        2445
           0 -1.75751899 2.531472221 1.213756294        2450
           0 -1.76151345 2.536435594 1.216853363        2455
           0 -1.75970736 2.517061515 1.216853363        2460
           0 -1.75487872 2.528316494 1.213756294        2465
           0 -1.75088290 2.528843186 1.216417011        2470
           0 -1.75672000 2.533606385 1.213756294        2475
           0 -1.75599046 2.533194105 1.210659225        2480
           0 -1.75821374 2.534227462 1.207562156        2485
           0 -1.75810953 2.535365358 1.210659225        2490
           0 -1.75790110 2.531148761 1.207562156        2495
           0 -1.75675474 2.532353981 1.211096188        2500
           0 -1.75150839 2.534008207 1.213756294        2505
           0 -1.74629537 2.523395338 1.226144570        2510
           0 -1.75727582 2.523452739 1.216417011        2515
           0 -1.75925581 2.523280785 1.213319942        2520
           0 -1.75574727 2.527367460 1.216853363        2525
           0 -1.75505244 2.532254829 1.210659225        2530
           0 -1.75463552 2.532588775 1.216853363        2535
           0 -1.76050623 2.530121115 1.223047501        2540
           0 -1.75727582 2.532432253 1.210659225        2545
           0 -1.75605994 2.527909755 1.213756294        2550
           0 -1.75296778 2.531764358 1.213756294        2555
           0 -1.75432283 2.531920893 1.216417011        2560
           0 -1.75498295 2.533757721 1.216853363        2565
           0 -1.75571253 2.533371536 1.216853363        2570
           0 -1.75157788 2.531941742 1.210659225        2575
           0 -1.74858927 2.530877418 1.219950432        2580
           0 -1.74848501 2.532479152 1.219950432        2585
           0 -1.75168213 2.535349650 1.210659225        2590
           0 -1.74855452 2.536404170 1.207125803        2595
           0 -1.74215871 2.534211687 1.213756294        2600
           0 -1.74132432 2.531931230 1.207562156        2605
           0 -1.75001413 2.534039513 1.219950432        2610
           0 -1.74970137 2.535151275 1.213756294        2615
