RawData/37-SM_03710967_2024_04_07_14.cnv
* Sea-Bird SBE37SM-RS232 Data File:
* FileName = D:\Ocean\Data\AGF 211 2024/37-SM_03710967_2024_04_07_14.hex
* Software version Fathom 1.0.2
* Temperature SN = 03710967
* Conductivity SN = 03710967
* System UpLoad Time = Apr 07 2024 15:39:13
* sample interval = 300 seconds
* <ApplicationData>
# nquan = 5
# nvalues = 908
# units = specified
# name 0 = flag: 0.000e+00
# name 1 = t090C: Temperature [ITS-90, deg C]
# name 2 = c0S/m: Conductivity [S/m]
# name 3 = timeM: Elapsed Time [minutes]
# name 4 = prdM: Pressure [db]
# span 0 =           0,           0
# span 1 = -8.25968336048885, 9.75843729933274
# span 2 = -0.000016931919082563762, 2.8056477687885945
# span 3 =           0,        4535
# span 4 =           0,           0
# interval = seconds: 300
# start_time = unknown
# bad_flag = -9999999
*END*
[from data line 787]
           0 -1.26213584 2.771175963        3935           0
           0 -1.27647708 2.769903336        3940           0
           0 -1.28056777 2.769535729        3945           0
           0 -1.24581979 2.772511031        3950           0
           0 -1.26409825 2.771017581        3955           0
           0 -1.26159446 2.771204244        3960           0
           0 -1.26078234 2.771221209        3965           0
           0 -1.25763508 2.771509704        3970           0
           0 -1.30516113 2.767279581        3975           0
           0 -1.26315091 2.771006259        3980           0
           0 -1.25716126 2.771600218        3985           0
           0 -1.26524853 2.770819598        3990           0
           0 -1.23240449 2.773755816        3995           0
           0 -1.24382164 2.772765635        4000           0
           0 -1.23514929 2.773506843        4005           0
           0 -1.23911331 2.773127739        4010           0
           0 -1.25056032 2.772098037        4015           0
           0 -1.24659867 2.772392217        4020           0
           0 -1.25689050 2.771549300        4025           0
           0 -1.26687234 2.770672535        4030           0
           0 -1.25865039 2.771390908        4035           0
           0 -1.25293015 2.771922665        4040           0
           0 -1.24876583 2.772256443        4045           0
           0 -1.23294670 2.773704889        4050           0
           0 -1.25076346 2.772041460        4055           0
           0 -1.26044395 2.771204235        4060           0
           0 -1.26670320 2.770649907        4065           0
           0 -1.27766043 2.769654480        4070           0
           0 -1.24117970 2.772980633        4075           0
           0 -1.25854886 2.771328678        4080           0
           0 -1.27813374 2.769558334        4085           0
           0 -1.27465120 2.769937259        4090           0
           0 -1.27265605 2.770163493        4095           0
           0 -1.26846219 2.770389717        4100           0
           0 -1.24642935 2.772211161        4105           0
           0 -1.22623572 2.774406589        4110           0
           0 -1.22525260 2.774299050        4115           0
           0 -1.27157385 2.770253986        4120           0
           0 -1.17766359 2.778504863        4125           0
           0 -1.21216213 2.775510176        4130           0
           0 -1.23186226 2.773778448        4135           0
           0 -1.24646321 2.772465771        4140           0
           0 -1.21002476 2.775646010        4145           0
           0 -1.23135390 2.773795421        4150           0
           0 -1.24659867 2.772471430        4155           0
           0 -1.23687730 2.773337092        4160           0
           0 -1.24361843 2.772714708        4165           0
           0 -1.24815634 2.772267754        4170           0
           0 -1.26788716 2.770502843        4175           0
           0 -1.29489521 2.768365173        4180           0
           0 -1.27701805 2.769858092        4185           0
           0 -1.25980100 2.771215544        4190           0
           0 -1.26896956 2.770536791        4195           0
           0 -1.14500937 2.778878354        4200           0
           0 -2.80348928 0.000044709        4205           0
           0 -3.47264641 0.000035855        4210           0
           0 -4.11118912 0.000027011        4215           0
           0 -4.65232461 0.000026844        4220           0
           0 -5.22694589 0.000023785        4225           0
           0 -5.91619139 0.000017808        4230           0
           0 -6.81339250 0.000017532        4235           0
           0 -8.25968336 0.000017088        4240           0
           0 -7.02946786 0.000023231        4245           0
           0 -4.64352177 0.000032612        4250           0
           0 -1.77878279 0.000033493        4255           0
           0 -0.99428531 0.000039499        4260           0
           0 -0.44014680 0.000036787        4265           0
           0 -0.08798466 -0.00001499        4270           0
           0 0.898110567 -0.00001180        4275           0
           0 1.736608025 -0.00001442        4280           0
           0 2.257310323 -0.00001426        4285           0
           0 2.645286102 -0.00001415        4290           0
           0 2.973333946 -0.00001693        4295           0
           0 3.231997320 -0.00001396        4300           0
           0 3.458738287 -0.00001390        4305           0
           0 3.742112272 -0.00001381        4310           0
           0 4.157784531 -0.00001368        4315           0
           0 4.603048540 -0.00001354        4320           0
           0 5.044615377 -0.00001052        4325           0
           0 5.479779417 -0.00001039        4330           0
           0 5.905132319 -0.00001026        4335           0
           0 6.315267486 -0.00001013        4340           0
           0 6.715221672 -0.00000713        4345           0
           0 7.094906927 -0.00000989        4350           0
           0 7.470027277 -0.00000978        4355           0
           0 7.635825318 -0.00000685        4360           0
           0 7.795379893 -0.00000968        4365           0
           0 7.925893357 -0.00000676        4370           0
           0 8.007264811 -0.00000961        4375           0
           0 8.096206352 -0.00000670        4380           0
           0 8.098983588 -0.00000959        4385           0
           0 8.145381725 -0.00000957        4390           0
           0 8.232961101 -0.00000954        4395           0
           0 8.451837918 -0.00000948        4400           0
           0 8.734325272 -0.00000939        4405           0
           0 8.907756114 -0.00000934        4410           0
           0 8.995172987 -0.00000931        4415           0
           0 9.030097158 -0.00000642        4420           0
           0 9.080452566 -0.00000928        4425           0
           0 9.196308994 -0.00000925        4430           0
           0 9.269452767 -0.00000923        4435           0
           0 9.372704030 -0.00000919        4440           0
           0 9.471061979 -0.00000916        4445           0
           0 9.561291673 -0.00000914        4450           0
           0 9.647278891 -0.00000623        4455           0
           0 9.646279685 -0.00000623        4460           0
           0 9.619965313 -0.00000624        4465           0
           0 9.693766709 -0.00000910        4470           0
           0 9.758437299 -0.00000619        4475           0
           0 9.758200901 -0.00000331        4480           0
           0 9.722182336 -0.00000332        4485           0
           0 9.396029741 -0.00000342        4490           0
           0 8.671258814 0.000036705        4495           0
           0 8.708098561 0.000036716        4500           0
           0 8.939748236 0.000036787        4505           0
           0 9.128469145 0.000036845        4510           0
           0 8.762499201 0.000036733        4515           0
           0 8.570112360 0.000033791        4520           0
           0 8.829463732 0.000036753        4525           0
           0 9.211664630 0.000036871        4530           0
           0 9.587764738 0.000036987        4535           0
