RawData/37-SM_03721530_2024_04_07_9.cnv
* Sea-Bird SBE37SM-RS232 Data File:
* FileName = D:\Ocean\Data\AGF 211 2024/37-SM_03721530_2024_04_07_9.hex
* Software version Fathom 1.0.2
* Temperature SN = 03721530
* Conductivity SN = 03721530
* Pressure SN = 11447521
* System UpLoad Time = Apr 07 2024 15:34:18
* sample interval = 300 seconds
# nquan = 5
# nvalues = 907
# units = specified
# name 0 = flag: 0.000e+00
# name 1 = t090C: Temperature [ITS-90, deg C]
# name 2 = c0S/m: Conductivity [S/m]
# name 3 = prdM: Pressure [db]
# name 4 = timeM: Elapsed Time [minutes]
# span 0 =           0,           0
# span 1 = -9.06587396344463, 11.367737858368173
# span 2 = 0.0001142580354748601, 2.806320695091434
# span 3 = -0.7806022514415025, 73.41570149581787
# span 4 =           0,        4530
# interval = seconds: 300
# start_time = unknown
# bad_flag = -9999999
*END*
[from data line 263]
           0 -1.23441602 2.772854519 73.38010804        1315
           0 -1.23715847 2.772124922 73.37918424        1320
           0 -1.23649893 2.772737795 73.38120088        1325
           0 -1.23170790 2.772825306 73.37573670        1330
           0 -1.22879104 2.773152173 73.37901521        1335
           0 -1.22955502 2.773268931 73.37901521        1340
           0 -1.22719352 2.773187183 73.38010804        1345
           0 -1.22708933 2.773385660 73.37682954        1350
           0 -1.21941242 2.773788399 73.38229371        1355
           0 -1.23757501 2.773876142 73.38120088        1360
           0 -1.17259030 2.779008953 73.37682954        1365
           0 -1.18334925 2.777174865 73.37775391        1370
           0 -1.20025898 2.775271217 73.37901521        1375
           0 -1.23066621 2.774401521 73.38103242        1380
           0 -1.19862432 2.774383702 73.38120088        1385
           0 -1.20703959 2.774541422 73.38010804        1390
           0 -1.20071109 2.775049337 73.38321809        1395
           0 -1.19097090 2.775679881 73.38010804        1400
           0 -1.17593353 2.777385062 73.38103242        1405
           0 -1.19076213 2.777087327 73.37993958        1410
           0 -1.20825637 2.776520979 73.38103242        1415
           0 -1.18996181 2.776386482 73.37993958        1420
           0 -1.19239745 2.778419116 73.38540376        1425
           0 -1.17969397 2.778109394 73.37884675        1430
           0 -1.17551566 2.777957481 73.38321809        1435
           0 -1.19076213 2.775703239 73.38557222        1440
           0 -1.23240232 2.775335756 73.38851439        1445
           0 -1.22833958 2.771599555 73.38229371        1450
           0 -1.25631008 2.772236003 73.38246274        1455
           0 -1.21211480 2.772019626 73.38574124        1460
           0 -1.16719117 2.776251948 73.38540376        1465
           0 -1.18279230 2.776538258 73.38431093        1470
           0 -1.19465884 2.776713577 73.38447938        1475
           0 -1.21882177 2.773946022 73.38447938        1480
           0 -1.28610996 2.771512560 73.38464841        1485
           0 -1.42854728 2.762210948 73.38355557        1490
           0 -1.46117110 2.755650775 73.38515889        1495
           0 -1.46467059 2.753525429 73.38314453        1500
           0 -1.46868393 2.752512487 73.38314453        1505
           0 -1.43761880 2.753705662 73.38423736        1510
           0 -1.41383136 2.756768579 73.38533019        1515
           0 -1.37227057 2.758498313 73.38188040        1520
           0 -1.39500752 2.759722093 73.38170966        1525
           0 -1.38646708 2.759984232 73.38608099        1530
           0 -1.36247855 2.760112203 73.38170966        1535
           0 -1.27256711 2.766448313 73.38389533        1540
           0 -1.25485356 2.769172305 73.38027707        1545
           0 -1.22490120 2.772749360 73.38355557        1550
           0 -1.22316442 2.773397299 73.38229371        1555
           0 -1.28046537 2.771074802 73.38431093        1560
           0 -1.31617508 2.767551105 73.38574124        1565
           0 -1.32277692 2.765626486 73.38136990        1570
           0 -1.32419377 2.765084180 73.38481800        1575
           0 -1.33224367 2.764547806 73.38372516        1580
           0 -1.34032474 2.763883206 73.38372516        1585
           0 -1.34747057 2.763364400 73.38591083        1590
           0 -1.35061113 2.763183707 73.38591083        1595
           0 -1.37854313 2.762379517 73.38717382        1600
           0 -1.38471031 2.760788411 73.38809650        1605
           0 -1.39452550 2.760001789 73.38498816        1610
           0 -1.38364239 2.759652063 73.38608099        1615
           0 -1.37602746 2.760677601 73.38498816        1620
           0 -1.38147192 2.760660168 73.38280250        1625
           0 -1.37978361 2.760333807 73.38170966        1630
           0 -1.37482120 2.760036567 73.38734455        1635
           0 -1.36416837 2.760834839 73.38608099        1640
           0 -1.35654575 2.761534142 73.38389533        1645
           0 -1.34902366 2.761965385 73.38280250        1650
           0 -1.31990833 2.763369969 73.38717382        1655
           0 -1.28746026 2.766384300 73.38263233        1660
           0 -1.27835256 2.768058244 73.38263233        1665
           0 -1.26452696 2.769207405 73.38683407        1670
           0 -1.25627540 2.770041694 73.38464841        1675
           0 -1.23556165 2.771552934 73.38464841        1680
           0 -1.22795757 2.772142346 73.38355557        1685
           0 -1.23330504 2.772550978 73.38229371        1690
           0 -1.24552229 2.771996596 73.38229371        1695
           0 -1.24298923 2.771634712 73.38464841        1700
           0 -1.22761028 2.772311609 73.38120088        1705
           0 -1.21027259 2.774337106 73.38557222        1710
           0 -1.18780428 2.775907595 73.38229371        1715
           0 -1.18338406 2.776666748 73.38447938        1720
           0 -1.14498661 2.778862641 73.38212526        1725
           0 -1.11860082 2.781176170 73.38305021        1730
           0 -1.12038194 2.781994361 73.38431093        1735
           0 -1.09780888 2.783163122 73.38305021        1740
           0 -1.13476464 2.782339327 73.38397573        1745
           0 -1.16638988 2.779972903 73.38523588        1750
           0 -1.16778340 2.779131594 73.38414304        1755
           0 -1.16307984 2.779382768 73.38758944        1760
           0 -1.16234808 2.779873537 73.38632872        1765
           0 -1.17248582 2.778921324 73.38742156        1770
           0 -1.14456807 2.780019438 73.38523588        1775
           0 -1.14097522 2.780095361 73.38414304        1780
           0 -1.09277352 2.783969774 73.38523588        1785
           0 -1.09721449 2.784741524 73.38397573        1790
           0 -1.10528956 2.784501896 73.38616141        1795
           0 -1.11315165 2.784069351 73.38725424        1800
           0 -1.13759105 2.782631594 73.38288289        1805
           0 -1.15366929 2.780691486 73.38414304        1810
           0 -1.14188221 2.780457640 73.38195737        1815
           0 -1.13172841 2.781561994 73.38195737        1820
           0 -1.14059148 2.781375070 73.38305021        1825
           0 -1.12677170 2.782280805 73.38540376        1830
           0 -1.10263320 2.782566968 73.38616141        1835
           0 -1.09955696 2.782479266 73.38506857        1840
           0 -1.06071230 2.785413562 73.38742156        1845
           0 -1.09759910 2.786372899 73.38725424        1850
           0 -1.10710686 2.784168676 73.38506857        1855
           0 -1.07128858 2.784869903 73.38725424        1860
           0 -0.99966329 2.791923626 73.38271614        1865
           0 -1.00791968 2.793263976 73.38582849        1870
           0 -1.14941561 2.788964439 73.38708750        1875
           0 -1.11088071 2.783736113 73.38943992        1880
           0 -1.11863574 2.785887745 73.38708750        1885
           0 -0.97529522 2.794615881 73.38473565        1890
           0 -1.02449208 2.793744115 73.38910701        1895
           0 -1.03515831 2.789934489 73.38801417        1900
           0 -1.05899574 2.789630491 73.38927318        1905
           0 -1.13476464 2.787560462 73.39036602        1910
           0 -1.10280797 2.782771544 73.38851439        1915
           0 -1.06137787 2.787594854 73.38834708        1920
           0 -1.09270357 2.787127263 73.38599466        1925
           0 -1.09196914 2.785688680 73.39053276        1930
           0 -1.09210903 2.785641904 73.39271843        1935
           0 -1.09749420 2.785484080 73.39288574        1940
           0 -1.09717953 2.785051400 73.38943992        1945
           0 -1.11437435 2.783969981 73.38834708        1950
           0 -1.13445057 2.782988115 73.39162560        1955
           0 -1.12118514 2.782900311 73.39053276        1960
           0 -1.14638168 2.781275782 73.39288574        1965
           0 -1.15262339 2.780504491 73.39179290        1970
           0 -1.15332066 2.780685641 73.39086794        1975
           0 -1.15189123 2.781036240 73.39179290        1980
           0 -1.14128918 2.780895892 73.39381127        1985
           0 -1.14875307 2.781556315 73.39414645        1990
           0 -1.11531753 2.783098993 73.39507141        1995
           0 -1.13057661 2.783110829 73.39381127        2000
           0 -1.10511481 2.782444252 73.39179290        2005
           0 -1.10997225 2.782976192 73.39271843        2010
           0 -1.12841244 2.782806859 73.39162560        2015
           0 -1.14083568 2.782146516 73.39490411        2020
           0 -1.11762287 2.783011336 73.39271843        2025
           0 -1.13068132 2.782871177 73.39616425        2030
           0 -1.12659714 2.782613958 73.39507141        2035
           0 -1.07121855 2.785980854 73.39490411        2040
           0 -1.08745699 2.786957612 73.39271843        2045
           0 -1.09658512 2.785782283 73.39583021        2050
           0 -1.10560410 2.785033940 73.39288574        2055
           0 -1.08749197 2.785712027 73.39271843        2060
           0 -1.09455702 2.785162466 73.39271843        2065
           0 -1.11402501 2.784642296 73.39599695        2070
           0 -1.11926439 2.784086950 73.39507141        2075
           0 -1.11269748 2.783741978 73.39507141        2080
           0 -1.11273242 2.784104426 73.39599695        2085
           0 -1.11793722 2.783648495 73.39397858        2090
           0 -1.11748316 2.783689411 73.39490411        2095
           0 -1.12373421 2.783438108 73.39599695        2100
           0 -1.08637252 2.784817429 73.39599695        2105
           0 -1.07510442 2.786103690 73.39288574        2110
           0 -1.07167370 2.787752873 73.39490411        2115
           0 -1.06179821 2.788173913 73.39473738        2120
           0 -1.04806221 2.789133121 73.39473738        2125
           0 -1.05111161 2.789022001 73.39692305        2130
           0 -1.05433573 2.789121480 73.39255170        2135
           0 -1.06953794 2.788402111 73.39364454        2140
           0 -1.06999312 2.788267580 73.39473738        2145
           0 -1.09224892 2.787115564 73.39599695        2150
           0 -1.07426430 2.786928245 73.39490411        2155
           0 -1.12335012 2.785162741 73.39364454        2160
           0 -1.08154414 2.785115567 73.39490411        2165
           0 -1.08091426 2.786752862 73.39490411        2170
           0 -1.07699456 2.787115419 73.39692305        2175
           0 -1.08343365 2.786887395 73.39708979        2180
           0 -1.06859253 2.787097794 73.39818262        2185
           0 -1.03568446 2.789536664 73.39692305        2190
           0 -1.04003335 2.789519155 73.39801589        2195
           0 -1.00869243 2.793094245 73.39784973        2200
           0 -1.00865731 2.792245594 73.39894257        2205
           0 -1.02905402 2.792222379 73.39784973        2210
           0 -0.99505927 2.793146793 73.39910873        2215
           0 -0.97606928 2.794861775 73.39566405        2220
           0 -0.96237790 2.795786709 73.39549845        2225
           0 -0.95875105 2.797303324 73.39768414        2230
           0 -0.96892563 2.797010608 73.39768414        2235
           0 -1.00732252 2.795078694 73.39751911        2240
           0 -1.01613743 2.793135287 73.39675689        2245
           0 -1.05727903 2.792374813 73.39784973        2250
           0 -1.06642141 2.788764756 73.39910873        2255
           0 -1.19003140 2.779809533 73.39490411        2260
           0 -1.22448439 2.777186943 73.39725709        2265
           0 -1.19838085 2.774909184 73.39742496        2270
           0 -1.20095454 2.776602675 73.39540773        2275
           0 -1.19851998 2.776672734 73.39305362        2280
           0 -1.02698373 2.784506997 73.39196078        2285
           0 -1.02259680 2.789823209 73.39255170        2290
           0 -1.07720456 2.788636166 73.39583021        2295
           0 -1.06134284 2.785425266 73.39818262        2300
           0 -1.07954945 2.789466879 73.39473738        2305
           0 -1.09703967 2.786501550 73.39583021        2310
           0 -1.10752621 2.784823478 73.39708979        2315
           0 -1.09487174 2.783817803 73.39490411        2320
           0 -1.07377421 2.786466241 73.39708979        2325
           0 -1.14617243 2.784169051 73.39490411        2330
           0 -1.17600318 2.779639963 73.39851780        2335
           0 -1.09200411 2.781456427 73.39633212        2340
           0 -1.06011678 2.785682530 73.39381127        2345
           0 -1.00960565 2.790408162 73.39381127        2350
           0 -1.07531444 2.789917323 73.39566405        2355
           0 -1.08903111 2.786788029 73.39692305        2360
           0 -1.12446744 2.785841023 73.39599695        2365
           0 -1.09238882 2.786852390 73.39381127        2370
           0 -1.02459736 2.787647143 73.39364454        2375
           0 -1.04862306 2.789337879 73.39490411        2380
           0 -1.01789291 2.789858268 73.39599695        2385
           0 -1.00869243 2.792263150 73.39583021        2390
           0 -1.00753329 2.792268992 73.39566405        2395
           0 -1.00770892 2.792497241 73.39019985        2400
           0 -1.10147967 2.788542804 73.39583021        2405
           0 -1.00802505 2.789700210 73.39473738        2410
           0 -0.99846846 2.792444480 73.39347837        2415
           0 -1.04585373 2.790818090 73.39347837        2420
           0 -1.03922678 2.789027737 73.39364454        2425
           0 -0.98795779 2.793837424 73.39019985        2430
           0 -0.98335098 2.794738902 73.39347837        2435
           0 -1.01975354 2.792807553 73.39347837        2440
           0 -1.04308401 2.790654228 73.39255170        2445
           0 -1.06442516 2.788033557 73.39255170        2450
           0 -1.05486135 2.788203092 73.39036602        2455
           0 -1.06288406 2.789115712 73.39162560        2460
           0 -1.06505558 2.790759760 73.39129269        2465
           0 -1.07020320 2.788425515 73.39364454        2470
           0 -1.02122787 2.794680720 73.39255170        2475
           0 -1.02294779 2.792403746 73.39347837        2480
           0 -1.04452151 2.788758696 73.39364454        2485
           0 -1.10843478 2.787735677 73.39473738        2490
           0 -1.00806018 2.790928905 73.39364454        2495
           0 -0.99955787 2.793574125 73.39145886        2500
           0 -0.99263381 2.793158474 73.39129269        2505
           0 -0.99948759 2.794019001 73.39003425        2510
           0 -1.01877058 2.792930454 73.39129269        2515
           0 -1.02038541 2.791777524 73.39129269        2520
           0 -1.06754201 2.792000356 73.39019985        2525
           0 -1.06389980 2.782537376 73.39271843        2530
           0 -1.06582606 2.784595064 73.39162560        2535
           0 -1.17924136 2.782246239 73.39271843        2540
           0 -1.17126678 2.780919551 73.39070007        2545
           0 -1.20697006 2.777099165 73.39086794        2550
           0 -1.20665716 2.775919456 73.39212923        2555
           0 -1.20189350 2.776012845 73.38977511        2560
           0 -1.21048115 2.775499049 73.39431490        2565
           0 -1.21937768 2.775107907 73.39212923        2570
           0 -1.22121903 2.774477336 73.39322206        2575
           0 -1.22271283 2.774389772 73.39086794        2580
           0 -1.21816160 2.774850982 73.39103639        2585
           0 -1.20818685 2.775172030 73.39196078        2590
           0 -1.21562495 2.774967735 73.39086794        2595
           0 -1.20978593 2.774687417 73.39103639        2600
           0 -1.21392209 2.775417330 73.38994356        2605
           0 -1.19006620 2.775241927 73.39196078        2610
           0 -1.17924136 2.777145627 73.39305362        2615
