RawData/37-SM_03720169_2024_04_07_1.cnv
* Sea-Bird SBE37SMP-RS232 Data File:
* FileName = D:\Ocean\Data\AGF 211 2024/37-SM_03720169_2024_04_07_1.hex
* Software version Fathom 1.0.2
* Temperature SN = 03720169
* Conductivity SN = 03720169
* Pressure SN = 10771520
* System UpLoad Time = Apr 07 2024 15:25:54
* sample interval = 300 seconds
# nquan = 5
# nvalues = 905
# units = specified
# name 0 = flag: 0.000e+00
# name 1 = t090C: Temperature [ITS-90, deg C]
# name 2 = c0S/m: Conductivity [S/m]
# name 3 = prdM: Pressure [db]
# name 4 = timeM: Elapsed Time [minutes]
# span 0 =           0,           0
# span 1 = -10.112135984298447, 10.086076454256385
# span 2 = 0.00005025819617946813, 2.7283154724666634
# span 3 = -0.1585046578539782, 1.2336560776858172
# span 4 =           0,        4520
# interval = seconds: 300
# start_time = unknown
# bad_flag = -9999999
*END*
[from data line 525]
           0 -1.74810271 2.538383173 1.216853363        2625
           0 -1.74674722 2.537531966 1.216417011        2630
           0 -1.74817222 2.540106773 1.216853363        2635
           0 -1.74945810 2.540890377 1.213756294        2640
           0 -1.74361881 2.541726266 1.219950432        2645
           0 -1.73127404 2.541532856 1.216417011        2650
           0 -1.73649110 2.539020249 1.223047501        2655
           0 -1.73816026 2.536832222 1.210659225        2660
           0 -1.74573923 2.540540333 1.213319942        2665
           0 -1.74702528 2.542692960 1.216853363        2670
           0 -1.73843844 2.541773251 1.216417011        2675
           0 -1.74208918 2.542739952 1.207125803        2680
           0 -1.73906433 2.545442105 1.210222872        2685
           0 -1.74341023 2.545128488 1.219950432        2690
           0 -1.74455738 2.542180849 1.207125803        2695
           0 -1.74709479 2.542332403 1.213756294        2700
           0 -1.74931909 2.541433721 1.219514080        2705
           0 -1.74803320 2.544161515 1.213756294        2710
           0 -1.74379262 2.547350496 1.219950432        2715
           0 -1.74636489 2.546383200 1.207562156        2720
           0 -1.74469643 2.544433283 1.210222872        2725
           0 -1.74490499 2.545813323 1.213756294        2730
           0 -1.74660819 2.547643352 1.223047501        2735
           0 -1.74205441 2.546111298 1.207125803        2740
           0 -1.74556543 2.547036772 1.219950432        2745
           0 -1.74803320 2.547721799 1.210659225        2750
           0 -1.74990988 2.545128536 1.216853363        2755
           0 -1.74577399 2.546273402 1.213756294        2760
           0 -1.74768564 2.547460334 1.210222872        2765
           0 -1.74918008 2.546947906 1.210222872        2770
           0 -1.74639964 2.547847294 1.213756294        2775
           0 -1.74699052 2.548495781 1.219950432        2780
           0 -1.74660819 2.549787690 1.219514080        2785
           0 -1.73596946 2.551775630 1.216417011        2790
           0 -1.73948158 2.551388472 1.219514080        2795
           0 -1.73367406 2.549358672 1.213319942        2800
           0 -1.72880414 2.553167526 1.216417011        2805
           0 -1.73572602 2.554711605 1.219950432        2810
           0 -1.73363928 2.553366434 1.213756294        2815
           0 -1.73683885 2.551948306 1.210222872        2820
           0 -1.73395230 2.554685418 1.216853363        2825
           0 -1.73840367 2.555156577 1.219514080        2830
           0 -1.73704750 2.551446006 1.213756294        2835
           0 -1.74386215 2.553570623 1.216417011        2840
           0 -1.73384796 2.554224793 1.219514080        2845
           0 -1.73593468 2.556727201 1.216417011        2850
           0 -1.72796917 2.556177376 1.213756294        2855
           0 -1.73106533 2.556596264 1.216853363        2860
           0 -1.73363928 2.555931346 1.210659225        2865
           0 -1.73165667 2.555098941 1.213756294        2870
           0 -1.73485657 2.554826758 1.213756294        2875
           0 -1.73478701 2.559235714 1.219514080        2880
           0 -1.73454356 2.557109434 1.219514080        2885
           0 -1.73419576 2.557187977 1.219950432        2890
           0 -1.73628244 2.557968260 1.216417011        2895
           0 -1.73242191 2.558057260 1.213319942        2900
           0 -1.73718660 2.560922548 1.216853363        2905
           0 -1.73377840 2.560068587 1.219514080        2910
           0 -1.73694318 2.560346259 1.216853363        2915
           0 -1.73430010 2.560440539 1.222611150        2920
           0 -1.73781253 2.562054309 1.223047501        2925
           0 -1.73743002 2.563631730 1.216417011        2930
           0 -1.73673453 2.565943474 1.216417011        2935
           0 -1.74667770 2.559565798 1.210222872        2940
           0 -1.73377840 2.565015519 1.229241639        2945
           0 -1.73485657 2.563395861 1.219514080        2950
           0 -1.73704750 2.565309113 1.222611150        2955
           0 -1.73774298 2.564276429 1.213756294        2960
           0 -1.74535688 2.562290168 1.213319942        2965
           0 -1.73822981 2.565272422 1.213756294        2970
           0 -1.74261066 2.565398274 1.213319942        2975
           0 -1.73555213 2.565392981 1.222611150        2980
           0 -1.74038559 2.565214773 1.219950432        2985
           0 -1.74177629 2.563940999 1.213319942        2990
           0 -1.74055943 2.566682792 1.210222872        2995
           0 -1.73962066 2.567804981 1.225708219        3000
           0 -1.73937727 2.565728537 1.216417011        3005
           0 -1.73798640 2.564286914 1.213756294        3010
           0 -1.73972497 2.566897769 1.204028733        3015
           0 -1.73579557 2.568937812 1.219950432        3020
           0 -1.74184582 2.570333203 1.216417011        3025
           0 -1.74386215 2.565938284 1.216417011        3030
           0 -1.73875139 2.564931678 1.216417011        3035
           0 -1.73687363 2.568130112 1.216417011        3040
           0 -1.73753434 2.569457112 1.216417011        3045
           0 -1.74323641 2.568686105 1.219514080        3050
           0 -1.73565646 2.572001640 1.210659225        3055
           0 -1.74761613 2.570773941 1.219950432        3060
           0 -1.74198488 2.567207171 1.216853363        3065
           0 -1.74219348 2.568806732 1.219950432        3070
           0 -1.75387116 2.571256681 1.210659225        3075
           0 -1.74000313 2.571859996 1.219514080        3080
           0 -1.73878616 2.568245507 1.213319942        3085
           0 -1.74726857 2.567778812 1.207562156        3090
           0 -1.74737284 2.567406481 1.219950432        3095
           0 -1.74052466 2.568796229 1.219514080        3100
           0 -1.74017697 2.568465796 1.216417011        3105
           0 -1.74441834 2.568979837 1.216853363        3110
           0 -1.74188058 2.574940859 1.219514080        3115
           0 -1.74007267 2.572741600 1.216417011        3120
           0 -1.74664295 2.577566185 1.213319942        3125
           0 -1.73736047 2.571592367 1.216853363        3130
           0 -1.73899479 2.571424474 1.219950432        3135
           0 -1.73673453 2.572080363 1.223047501        3140
           0 -1.73784730 2.571849484 1.216417011        3145
           0 -1.74219348 2.571818034 1.219950432        3150
           0 -1.73259583 2.571109611 1.210222872        3155
           0 -1.72863019 2.569383607 1.210222872        3160
           0 -1.72643831 2.569462274 1.213319942        3165
           0 -1.72421138 2.569567169 1.213319942        3170
           0 -1.72330662 2.569677320 1.210222872        3175
           0 -1.72337621 2.572059269 1.210222872        3180
           0 -1.72549885 2.568502400 1.216417011        3185
           0 -1.72302822 2.570301584 1.213319942        3190
           0 -1.73075225 2.571424412 1.219514080        3195
           0 -1.72403739 2.572195712 1.219950432        3200
           0 -1.72480293 2.571550295 1.216417011        3205
           0 -1.72685583 2.568266398 1.222611150        3210
           0 -1.72003520 2.567652747 1.213319942        3215
           0 -1.72487252 2.567123139 1.210222872        3220
           0 -1.72511610 2.569488493 1.219514080        3225
           0 -1.72699500 2.569420315 1.219514080        3230
           0 -1.71836447 2.573192777 1.216417011        3235
           0 -1.71665879 2.572557749 1.222175409        3240
           0 -1.71669360 2.572694194 1.219950432        3245
           0 -1.71512703 2.568885206 1.222611150        3250
           0 -1.70986939 2.569713939 1.210222872        3255
           0 -1.70959080 2.574048237 1.213319942        3260
           0 -1.71244616 2.570605790 1.219078340        3265
           0 -1.71338625 2.571146195 1.216417011        3270
           0 -1.71087925 2.571209139 1.219514080        3275
           0 -1.71686766 2.570133664 1.216417011        3280
           0 -1.71919985 2.569147495 1.215981270        3285
           0 -1.71961753 2.570228112 1.210222872        3290
           0 -1.72010481 2.571392848 1.210222872        3295
           0 -1.71812081 2.573339730 1.216417011        3300
           0 -1.71617143 2.572227138 1.219514080        3305
           0 -1.71578849 2.570862890 1.207125803        3310
           0 -1.71919985 2.571618465 1.213319942        3315
           0 -1.71596255 2.573759599 1.213319942        3320
           0 -1.71592774 2.573308224 1.222611150        3325
           0 -1.71676322 2.571398073 1.222611150        3330
           0 -1.71644992 2.571382329 1.219514080        3335
           0 -1.71989597 2.570737007 1.219514080        3340
           0 -1.72487252 2.568738415 1.213319942        3345
           0 -1.72153176 2.568848537 1.219514080        3350
           0 -1.72027883 2.568030343 1.222611150        3355
           0 -1.71836447 2.572143194 1.219514080        3360
           0 -1.72066168 2.572594514 1.222611150        3365
           0 -1.72045285 2.572662734 1.219514080        3370
           0 -1.72174058 2.572862168 1.222611150        3375
           0 -1.72438537 2.571681470 1.213319942        3380
           0 -1.72609037 2.570112749 1.216417011        3385
           0 -1.72066168 2.573465712 1.216417011        3390
           0 -1.71655436 2.570994065 1.222611150        3395
           0 -1.71763348 2.572521021 1.219514080        3400
           0 -1.71714614 2.573796348 1.210222872        3405
           0 -1.71631067 2.571812593 1.225708219        3410
           0 -1.71742462 2.572421312 1.222611150        3415
           0 -1.71672841 2.574489217 1.219514080        3420
           0 -1.71892140 2.572552517 1.216417011        3425
           0 -1.72268022 2.575980212 1.216417011        3430
           0 -1.72118374 2.574279282 1.216417011        3435
           0 -1.72292382 2.569320621 1.219514080        3440
           0 -1.72327182 2.574174317 1.216853363        3445
           0 -1.72080090 2.573995834 1.219950432        3450
           0 -1.72281942 2.571917587 1.219950432        3455
           0 -1.71638030 2.570862896 1.213756294        3460
           0 -1.71133192 2.571613160 1.216417011        3465
           0 -1.71387368 2.570595308 1.216417011        3470
           0 -1.71450037 2.574557441 1.216417011        3475
           0 -1.71711133 2.577124848 1.223047501        3480
           0 -1.71832966 2.575334413 1.219514080        3485
           0 -1.71829485 2.575029925 1.219514080        3490
           0 -1.72215820 2.575071952 1.219514080        3495
           0 -1.71359515 2.575381625 1.213319942        3500
           0 -1.71909543 2.574337008 1.219514080        3505
           0 -1.71895620 2.576794040 1.213319942        3510
           0 -1.71585811 2.577975591 1.228805288        3515
           0 -1.71638030 2.575675651 1.222611150        3520
           0 -1.71676322 2.576526230 1.219950432        3525
           0 -1.71979156 2.576452741 1.219078340        3530
           0 -1.70990421 2.579693110 1.213319942        3535
           0 -1.71154085 2.579903252 1.219514080        3540
           0 -1.71408258 2.582672300 1.222611150        3545
           0 -1.71425666 2.576956787 1.216417011        3550
           0 -1.70771021 2.578017542 1.219514080        3555
           0 -1.69764247 2.581815605 1.219514080        3560
           0 -1.69147383 2.586199346 1.222611150        3565
           0 -1.70140542 2.573024707 1.219078340        3570
           0 -1.70784952 2.576820212 1.216417011        3575
           0 -1.71004351 2.578343183 1.213319942        3580
           0 -1.71094889 2.578742366 1.222175409        3585
           0 -1.70861570 2.579251852 1.222611150        3590
           0 -1.71345588 2.578984001 1.222611150        3595
           0 -1.70913808 2.580134384 1.222611150        3600
           0 -1.70798883 2.578526997 1.222611150        3605
           0 -1.70116155 2.583817960 1.219514080        3610
           0 -1.69945435 2.577192979 1.213319942        3615
           0 -1.70429682 2.586688450 1.216417011        3620
           0 -1.71397813 2.582288667 1.216417011        3625
           0 -1.71098371 2.584553940 1.215981270        3630
           0 -1.70872018 2.583134744 1.219514080        3635
           0 -1.70126607 2.588024169 1.219514080        3640
           0 -1.70279892 2.585705199 1.216417011        3645
           0 -1.70600359 2.585547498 1.222175409        3650
           0 -1.69844390 2.586478078 1.225708219        3655
           0 -1.69743340 2.588271333 1.222175409        3660
           0 -1.69314688 2.593469592 1.219078340        3665
           0 -1.70959080 2.589128777 1.228805288        3670
           0 -1.71349070 2.595170016 1.228805288        3675
           0 -1.69907109 2.595301519 1.212884201        3680
           0 -1.69394849 2.593706451 1.212884201        3685
           0 -1.70927738 2.590201921 1.216417011        3690
           0 -1.71481370 2.588902633 1.222611150        3695
           0 -1.71244616 2.580791122 1.222611150        3700
           0 -1.70548113 2.589728426 1.225708219        3705
           0 -1.70788435 2.588066293 1.216417011        3710
           0 -1.70339113 2.579850656 1.213319942        3715
           0 -1.70816296 2.585190016 1.225272479        3720
           0 -1.71216761 2.572515733 1.222611150        3725
           0 -1.71575367 2.583224145 1.219514080        3730
           0 -1.71477889 2.572022476 1.225708219        3735
           0 -1.70481932 2.576342366 1.225708219        3740
           0 -1.70126607 2.575838293 1.219078340        3745
           0 -1.71349070 2.576499950 1.216417011        3750
           0 -1.71209797 2.577434639 1.219514080        3755
           0 -1.71606699 2.578369491 1.222611150        3760
           0 -1.70823262 2.585726272 1.222611150        3765
           0 -1.71658917 2.584879907 1.213319942        3770
           0 -1.70993904 2.581185161 1.223047501        3775
           0 -1.70523731 2.588534373 1.225708219        3780
           0 -1.70018603 2.587119615 1.219514080        3785
           0 -1.70509798 2.591664582 1.225708219        3790
           0 -1.70607325 2.582341160 1.222611150        3795
           0 -1.70635189 2.581064287 1.222611150        3800
           0 -1.70380915 2.584164898 1.219514080        3805
           0 -1.69966341 2.589060317 1.216417011        3810
           0 -1.70363497 2.587287920 1.219514080        3815
           0 -1.70777987 2.584033519 1.222611150        3820
           0 -1.69771216 2.582877137 1.219514080        3825
           0 -1.70084799 2.587577139 1.225708219        3830
           0 -1.70213702 2.588444935 1.225708219        3835
           0 -1.70245056 2.581778857 1.216417011        3840
           0 -1.71053103 2.582388490 1.222611150        3845
           0 -1.69900140 2.582309576 1.222611150        3850
           0 -1.70015119 2.581542383 1.216417011        3855
           0 -1.70349563 2.580733261 1.219514080        3860
           0 -1.69164812 2.583266010 1.222611150        3865
           0 -1.70011635 2.582934967 1.223047501        3870
           0 -1.69858328 2.582020549 1.219514080        3875
           0 -1.69732886 2.587393049 1.219514080        3880
           0 -1.70178864 2.584196421 1.219078340        3885
           0 -1.70638672 2.582924503 1.222611150        3890
           0 -1.70973010 2.587156499 1.222611150        3895
           0 -1.70544630 2.580134354 1.216417011        3900
           0 -1.69813030 2.584059727 1.219514080        3905
           0 -1.69955888 2.587408841 1.216417011        3910
           0 -1.69551678 2.588313394 1.219514080        3915
           0 -1.70767538 2.587897995 1.222611150        3920
           0 -1.69910593 2.590275498 1.216417011        3925
